18;BUDEL;2PWK ;1;1100;1.84;321;55749270;512744895
33;DEURNE;2PWK ;1;1100;3.7;912;57880874;514679426
114;MAARHEEZE;1PWK;1;1100;1.62;484;56295706;513089704
121;DEURNE;1PWK ;1;660;1;868;57717831;514645180
122;BUDEL                         ;1PWK ;1;1100;2.03;169;55718302;512652154
141;LIEROP                        ;1PWK;1;660;1;956;56650272;514333625
143;LIESSEL                       ;1PWK;1;1100;2.85;888;58299702;514137523
162;SOMEREN                       ;1PWK ;1;1100;4;970;57039137;513838019
203;ASTEN                         ;1PWK ;15;240;18;825;57562786;514155936
204;ASTEN                         ;1PWK ;1;240;4;825;57562786;514155936
205;ASTEN                         ;2PWK ;2;2500;6;825;57562786;514155936
256;ASTEN                         ;1PWK ;1;240;3;818;57503755;514157545
317;STERKSEL                      ;1PWK;1;1100;1.7;35;56318164;513380138
325;SOERENDONK                    ;1PWK ;1;770;1.6;185;55732337;513005525
338;BUDEL DORPLEIN                ;1PWK;1;660;2.83;558;55699569;512409595
358;MAARHEEZE                     ;1PWK ;1;660;1;287;56343016;513026712
361;MAARHEEZE                     ;1PWK;17;240;16;287;56343016;513026712
363;MAARHEEZE                     ;1PWK ;1;1100;2;287;56343016;513026712
395;DEURNE                        ;1PWK;1;240;2.4;898;57941581;514634589
406;MAARHEEZE                     ;1PWK;1;660;2.17;485;56295706;513089704
449;MIERLO                        ;1PWK ;1;1100;2.79;593;56140044;514447748
508;SOMEREN                       ;1PWK ;1;660;1.67;950;57323944;513627076
526;MIERLO                        ;1PWK;1;240;2;643;56219321;514462867
537;MIERLO                        ;1PWK;1;660;1.85;598;56187409;514433911
538;MIERLO                        ;1PWK;1;660;1.67;650;56219321;514462867
550;MIERLO                        ;1PWK;1;240;2.66;637;56272245;514467972
552;MIERLO                        ;1PWK;1;660;2;590;55947110;514550359
557;MIERLO                        ;1PWK;1;660;1;628;56197042;514286099
562;MIERLO                        ;1PWK;1;660;1.25;597;56147283;514439285
571;MIERLO                        ;1PWK;1;660;1.33;623;56351177;514455805
572;MIERLO                        ;1PWK;1;240;2.6;638;56271262;514474815
573;MIERLO                        ;1PWK;1;660;2.8;599;56187409;514433911
574;MIERLO                        ;1PWK;1;240;1.14;624;56351177;514455805
576;BUDEL                         ;1PWK ;1;5000;3.08;294;55981709;512615673
577;DEURNE                        ;1PWK;1;240;2;843;58658644;514501963
584;MIERLO                        ;1PWK;1;660;1.5;588;56187013;514445825
597;BEEK EN DONK                  ;1PWK ;1;240;1.93;60;56326501;515319829
603;MAARHEEZE                     ;1PWK ;1;2500;2.88;251;56151535;513098100
620;MIERLO                        ;1PWK;1;660;2.58;674;56133879;514480476
622;MIERLO                        ;1PWK;1;240;1;608;56192566;514423267
624;MIERLO                        ;1PWK;1;240;1;629;56150376;514327300
642;SOMEREN                       ;1PWK;1;770;2.81;1024;57352176;513585476
644;BEEK EN DONK                  ;1PWK;1;660;1.6;127;56319026;515363392
651;MILHEEZE                      ;1PWK;1;1100;2;158;57836215;515032568
658;AARLE RIXTEL                  ;1PWK;1;1100;2.75;117;56691043;515118330
661;SOMEREN                       ;1PWK;1;1100;2;1042;56930882;513289704
688;OMMEL                         ;1PWK;1;770;2.82;716;57488072;514220889
696;BEEK EN DONK                  ;1PWK ;1;240;1.62;70;56331410;515291395
697;ASTEN                         ;1PWK;1;660;1.61;751;57416531;514012213
701;SOMEREN                       ;1PWK ;1;660;2.33;945;57320803;513631968
730;STERKSEL                      ;1PWK;1;660;3.38;29;56001337;513562615
733;SOMEREN                       ;1PWK ;1;660;3.04;971;57102446;513785262
747;SOMEREN-HEIDE                 ;1PWK;1;660;3.15;1015;57316328;513547496
751;ASTEN                         ;1PWK;1;660;3;707;57546194;514077444
753;NEERKANT                      ;1PWK ;1;1100;1.43;864;58610404;513688285
766;HEUSDEN GEM ASTEN             ;1PWK;1;1100;1.5;774;57824854;513822443
767;MIERLO                        ;1PWK;1;660;1.98;635;56062690;514408981
768;MIERLO                        ;1PWK;1;660;1.59;617;56202748;514439436
778;OMMEL                         ;1PWK;1;660;2.83;811;57458599;514208635
783;LIEROP                        ;1PWK;1;770;1.5;1064;56820350;514199931
785;ASTEN                         ;1PWK;1;660;1;743;57432906;514099962
789;HEUSDEN GEM ASTEN             ;1PWK;1;1100;2.5;690;57698117;513595234
795;MAARHEEZE                     ;1PWK;1;660;2.67;212;56154741;513129984
804;ASTEN                         ;1PWK;1;240;1;729;57360738;514018771
808;SOMEREN-HEIDE                 ;1PWK;1;660;1.25;965;56736812;513777906
809;LIESHOUT                      ;1PWK;1;240;2;8;55941205;515166210
810;LIESHOUT                      ;1PWK ;1;770;2.21;15;55962628;515198859
811;SOMEREN-EIND                  ;1PWK;1;240;2;1014;57323532;513538390
812;SOMEREN                       ;1PWK;1;660;3;993;57352532;513642479
817;SOMEREN                       ;1PWK;1;660;1.67;951;57320803;513631968
820;SOERENDONK                    ;1PWK;1;1100;1.67;453;55726766;513027766
835;SOMEREN                       ;1PWK;1;660;2;942;57242980;513743425
836;ASTEN                         ;1PWK;1;240;4;687;57591994;513962233
839;SOMEREN-HEIDE                 ;1PWK;1;660;2;1092;56966464;513542213
843;LIESHOUT                      ;1PWK ;1;240;2.66;10;55890671;515205347
844;SOMEREN                       ;1PWK;1;1100;1;975;56943819;513817712
846;AARLE RIXTEL                  ;1PWK;1;240;1;78;56397413;515102050
850;SOMEREN-HEIDE                 ;1PWK;1;660;2.2;966;56736812;513777906
851;ASTEN                         ;1PWK ;1;660;3;700;57472886;514036004
853;ASTEN                         ;1PWK;1;1100;1;762;57317188;514112196
859;HEUSDEN GEM ASTEN             ;1PWK;1;1100;1;802;57750369;513761017
865;MARIAHOUT                     ;1PWK;1;240;1;3;55729329;515394533
868;HEUSDEN GEM ASTEN             ;1PWK;1;1100;2.69;805;57645403;513801572
875;STERKSEL                      ;1PWK;1;1100;5;33;56193728;513348656
880;SOMEREN-EIND                  ;1PWK;1;660;3;1008;57317211;513548187
881;SOMEREN-HEIDE                 ;1PWK;1;240;2.4;997;56692565;513607324
882;OMMEL                         ;1PWK;1;1100;2.8;686;57488072;514220889
883;HEUSDEN GEM ASTEN             ;1PWK;1;770;2.82;689;57709165;513611608
885;HEUSDEN GEM ASTEN             ;1PWK;1;660;2.2;806;58409136;513749952
887;STERKSEL                      ;1PWK;1;240;3.42;155;56221061;513594386
890;AARLE RIXTEL                  ;1PWK;1;1100;2.17;54;56563108;515187368
891;ASTEN                         ;1PWK;1;1100;2.74;764;57448400;514090850
892;MAARHEEZE                     ;1PWK ;1;240;4.14;178;56111208;513103227
895;BUDEL                         ;1PWK ;1;660;1.04;342;55766409;512735769
898;BUDEL-SCHOOT                  ;1PWK;1;240;1;443;55661065;512503377
907;STERKSEL                      ;1PWK;1;1100;5.4;38;56394985;513547304
908;STERKSEL                      ;1PWK;1;1100;3;37;56381569;513544292
909;STERKSEL                      ;1PWK;1;1100;3;40;56432534;513604892
919;SOMEREN-HEIDE                 ;1PWK;1;770;2.82;1073;56726521;513195250
927;AARLE RIXTEL                  ;1PWK;1;660;2.83;116;56691043;515118330
930;SOMEREN                       ;1PWK;1;660;2.5;976;56863509;513762813
932;DE RIPS                       ;1PWK;1;660;2.5;121;58130295;515474194
933;ASTEN                         ;1PWK;1;240;2;699;57473523;514036037
934;SOMEREN-HEIDE                 ;1PWK;1;1100;1;969;56741912;513762062
935;SOMEREN-EIND                  ;1PWK;1;1100;1.4;1096;57377870;513534580
936;SOMEREN-HEIDE                 ;1PWK;1;1100;2.5;1047;56777825;513586629
940;BEEK EN DONK                  ;1PWK;1;240;1.67;90;56256449;515387917
941;BEEK EN DONK                  ;1PWK;1;240;2;136;56325761;515293257
942;BEEK EN DONK                  ;1PWK;1;660;1;135;56318438;515293912
943;BEEK EN DONK                  ;1PWK;1;660;2.5;95;56350702;515440165
944;BEEK EN DONK                  ;1PWK;1;240;1;68;56271368;515369191
945;LIESHOUT                      ;1PWK;1;240;1.5;16;55929608;515239562
946;LIESHOUT                      ;1PWK;1;240;1;25;55980011;515324939
947;AARLE RIXTEL                  ;1PWK;1;1100;1.17;50;56809310;515262140
948;AARLE RIXTEL                  ;1PWK;1;240;1;103;56427485;515078144
949;AARLE RIXTEL                  ;1PWK ;1;240;1.85;104;56487676;515117193
950;AARLE RIXTEL                  ;1PWK;1;1100;1;103;56427485;515078144
951;BEEK EN DONK                  ;1PWK ;1;660;2.11;67;56300423;515381939
952;BEEK EN DONK                  ;1PWK;1;240;1.25;69;56273584;515359112
956;SOMEREN                       ;1PWK;1;660;3;993;57352532;513642479
958;AARLE RIXTEL                  ;1PWK;1;1100;1.8;56;56563108;515187368
959;AARLE RIXTEL                  ;1PWK;1;1100;3.5;57;56563108;515187368
960;SOMEREN-EIND                  ;1PWK;1;1100;8.75;1011;57329947;513578761
962;BEEK EN DONK                  ;1PWK;1;660;2.22;137;56325761;515293257
964;BEEK EN DONK                  ;1PWK;1;1100;2.32;128;56306912;515374796
969;STERKSEL                      ;1PWK;1;660;1.67;41;56432534;513604892
972;SOMEREN                       ;1PWK;1;660;4;1040;56930882;513289704
981;BEEK EN DONK                  ;1PWK;1;1100;2.67;96;56334409;515445511
984;AARLE RIXTEL                  ;1PWK;1;1100;1.6;76;56397413;515102050
993;BEEK EN DONK                  ;1PWK;1;1100;3.12;94;56360933;515468878
996;SOMEREN                       ;1PWK;1;1100;1.75;1053;57066368;513235225
997;LIEROP                        ;1PWK;1;1100;1.25;961;56823366;514213568
1000;MIERLO                        ;1PWK;1;770;2.82;625;56351177;514455805
1005;BEEK EN DONK                  ;1PWK;1;240;2;65;56297612;515382092
1007;LIEROP                        ;1PWK;1;1100;3.5;955;56713946;514345205
1008;AARLE RIXTEL                  ;1PWK;1;1100;1.33;115;56691043;515118330
1010;LIESHOUT                      ;1PWK;1;1100;1;18;55692602;515100040
1012;SOMEREN                       ;1PWK;1;1100;1.25;988;57070533;513678728
1013;SOMEREN-EIND                  ;1PWK;1;1100;1.33;1098;57389864;513536923
1015;SOMEREN-HEIDE                 ;1PWK;1;1100;1.5;1058;56768255;513526373
1017;MIERLO                        ;1PWK;1;240;3.6;659;56288107;514375625
1018;ASTEN                         ;1PWK;1;1100;2;824;57833454;513897327
1040;SOMEREN                       ;1PWK;1;770;2.61;1020;56983989;513514649
1041;OMMEL                         ;1PWK;1;1100;1.56;685;57480299;514222111
1043;SOMEREN                       ;1PWK;1;660;3.27;933;57379364;513595172
1063;LIEROP                        ;1PWK;1;1100;5;1077;56841617;514434283
1064;SOMEREN                       ;1PWK;1;660;2.5;1056;56768255;513526373
1065;SOMEREN-HEIDE                 ;1PWK;1;1100;3;1057;56851246;513513141
1066;ASTEN                         ;1PWK;1;660;2.5;836;57466578;514090872
1067;MIERLO                        ;1PWK ;1;240;1.4;657;56250197;514369591
1068;OMMEL                         ;1PWK;1;1100;2;717;57486473;514227742
1069;SOMEREN                       ;1PWK;1;660;2.5;982;56775433;513837956
1083;ASTEN                         ;1PWK;1;660;2.74;778;57521871;514071708
1084;HEUSDEN GEM ASTEN             ;1PWK;1;240;2.4;772;57646927;513825233
1085;SOMEREN                       ;1PWK;1;660;2.25;982;56775433;513837956
1139;AARLE RIXTEL                  ;1PWK;1;1100;2.41;110;56308261;515093428
1155;MIERLO                        ;1PWK ;1;1100;2;634;56203440;514380486
1174;LIEROP                        ;1PWK ;1;660;1.33;963;56826502;514286557
1178;NEERKANT                      ;1PWK;1;1100;2;930;58661073;513550860
1179;ASTEN                         ;1PWK;1;660;1;808;58541393;513760159
1181;BUDEL                         ;1PWK;1;1100;4.27;438;55820280;512849789
1184;LIESHOUT                      ;1PWK;1;660;3;17;55653276;515178842
1188;SOMEREN                       ;1PWK;1;660;1.67;1033;56935947;513313115
1189;VLIERDEN                      ;1PWK;1;1100;1.33;922;57584735;514441587
1200;BEEK EN DONK                  ;1PWK;1;1100;1.8;91;56366258;515459565
1211;ASTEN                         ;1PWK;1;240;5.57;698;57474160;514036070
1212;MAARHEEZE                     ;1PWK;1;240;1.8;482;56295706;513089704
1213;LIEROP                        ;1PWK ;1;240;5.13;960;56807137;514214915
1221;SOMEREN                       ;1PWK;1;660;1.5;990;57146383;513659560
1223;SOMEREN                       ;1PWK ;1;3000;10;973;56910357;513794837
1228;LIESSEL                       ;1PWK;1;1100;0.95;890;58308238;514111387
1230;HEUSDEN GEM ASTEN             ;1PWK;1;1100;1;795;58001579;513715585
1241;HEUSDEN GEM ASTEN             ;1PWK ;1;1100;3;799;57750369;513761017
1246;HEUSDEN GEM ASTEN             ;2PWK ;1;770;2;770;57641411;513836848
1247;HEUSDEN GEM ASTEN             ;2PWK ;1;770;3;770;57641411;513836848
1254;ASTEN                         ;1PWK ;2;660;5;767;57448400;514090850
1255;ASTEN                         ;2PWK ;1;1100;1.57;836;57466578;514090872
1256;ASTEN                         ;1PWK;1;1100;2.4;737;57448518;514119630
1264;ASTEN                         ;1PWK ;1;660;1.78;745;57440615;514099931
1267;ASTEN                         ;1PWK ;1;660;2.69;834;57448400;514090850
1268;ASTEN                         ;2PWK ;1;5000;3.64;786;57465406;514056517
1269;ASTEN                         ;1PWK ;1;660;2.44;780;57474172;514116147
1272;ASTEN                         ;1PWK ;1;1100;3.32;828;57439208;514029431
1273;ASTEN                         ;1PWK ;1;240;2.4;721;57474064;514041910
1278;ASTEN                         ;1PWK ;1;660;3.54;754;57451727;514039973
1280;ASTEN                         ;1PWK ;1;1100;2.6;781;57474172;514116147
1303;SOMEREN-EIND                  ;1PWK;1;660;2.5;1052;57109518;513440815
1312;ASTEN                         ;1PWK;1;240;2.4;725;57451727;514039973
1324;MIERLO                        ;1PWK;1;240;2;643;56219321;514462867
1331;ASTEN                         ;1PWK;1;1000;2;816;58458540;513683397
1332;ASTEN                         ;1PWK;1;660;2.14;730;57458650;514020256
1334;ASTEN                         ;1PWK;1;770;2.68;765;57448400;514090850
1335;ASTEN                         ;1PWK;1;660;2;693;57459717;513975723
1336;HEUSDEN GEM ASTEN             ;1PWK;1;1100;1.67;804;57658798;513750479
1337;OMMEL                         ;1PWK;1;1100;3;684;57497265;514268549
1374;MAARHEEZE                     ;1PWK;1;240;4.34;235;56232476;513144027
1378;SOMEREN                       ;1PWK;1;660;1.33;1007;57326840;513557668
1407;BUDEL                         ;1PWK;1;240;1;314;55725911;512740040
1506;ASTEN                         ;1PWK;2;240;7.57;722;57467206;514051779
1517;MIERLO                        ;1PWK;1;660;2.15;612;56159735;514434084
1518;HEUSDEN GEM ASTEN             ;1PWK;1;1100;1.67;702;57788430;513396126
1522;SOMEREN                       ;1PWK;1;1100;1;992;57341489;513644811
1526;AARLE RIXTEL                  ;1PWK ;1;1100;2.34;162;56386799;515099598
1566;LIESHOUT                      ;1PWK;1;1100;2.5;11;55901474;515186912
1583;MIERLO                        ;1PWK;1;140;4.45;621;56260424;514500538
1584;SOMEREN                       ;1PWK;1;1100;1.5;1062;57551160;513428244
1585;MAARHEEZE                     ;1PWK;1;240;2.4;226;56110856;513134501
1590;ASTEN                         ;1PWK;1;5000;10;678;57628802;514020382
1594;MAARHEEZE                     ;1PWK ;1;240;1.24;293;56371939;513033628
1599;HEUSDEN GEM ASTEN             ;1PWK;1;1100;2;796;58001579;513715585
1601;SOERENDONK                    ;1PWK;1;1100;3.86;191;55603403;512922293
1602;SOMEREN-HEIDE                 ;1PWK;1;660;2;1093;56966464;513542213
1603;ASTEN                         ;1PWK;1;1100;5.22;788;57839073;514000580
1605;DEURNE                        ;1PWK;1;1100;0.78;925;57979415;514498705
1625;SOERENDONK                    ;1PWK ;1;1100;3;273;55817686;513052828
1638;HEUSDEN GEM ASTEN             ;1PWK;1;1100;2.75;711;57458228;513934534
1640;LIESHOUT                      ;1PWK;1;660;2.26;27;55909000;515221064
1663;BUDEL                         ;1PWK ;1;660;2.3;435;55820280;512849789
1669;SOMEREN-EIND                  ;1PWK ;1;660;2.37;1009;57322025;513552927
1720;MIERLO                        ;1PWK;1;770;2.63;665;56148214;514471962
1726;MAARHEEZE                     ;1PWK;1;660;2.47;496;56289302;513090773
1727;BUDEL                         ;1PWK ;1;1100;1.66;397;55768490;512663439
1728;BUDEL                         ;1PWK;1;660;2;525;55768744;512740204
1731;SOMEREN-EIND                  ;1PWK ;1;660;2.55;1001;57363707;513572819
1732;BUDEL                         ;1PWK;1;660;1;300;55739329;512740823
1734;BUDEL                         ;1PWK ;1;660;1.42;398;55768490;512663439
1739;BUDEL-SCHOOT                  ;1PWK;1;1100;3.12;432;55628113;512535032
1745;BUDEL                         ;1PWK;1;1100;1.5;390;55768490;512663439
1751;BUDEL-SCHOOT                  ;1PWK;1;660;2.79;442;55613386;512497189
1755;BUDEL                         ;1PWK ;1;1100;1;387;55768490;512663439
1758;BUDEL                         ;1PWK;1;660;2;568;55751068;512753891
1760;BUDEL                         ;1PWK ;3;240;3.29;324;55833797;512650254
1764;BUDEL                         ;1PWK ;1;1100;1.69;392;55768490;512663439
1771;BUDEL                         ;1PWK;1;1100;1.62;346;55780846;512699641
1772;BUDEL                         ;1PWK;1;660;2.39;326;55836391;512679827
1774;STERKSEL                      ;1PWK;1;1100;5.1;31;56120183;513509999
1805;BUDEL                         ;1PWK ;1;1100;1.88;389;55768490;512663439
1824;BUDEL                         ;1PWK;1;1100;2.66;543;55779753;512698759
1826;BUDEL-SCHOOT                  ;1PWK ;1;2500;5;547;55691171;512480641
1854;MAARHEEZE                     ;1PWK;1;660;1;290;56343016;513026712
1875;BUDEL DORPLEIN                ;1PWK;1;660;2.89;578;55832913;512390681
1876;BUDEL DORPLEIN                ;1PWK;1;660;3.17;577;55832913;512390681
1888;BUDEL                         ;1PWK ;1;240;2.95;173;55879782;512565279
1895;BUDEL                         ;1PWK;1;660;1.5;407;55805777;512645048
1903;MAARHEEZE                     ;1PWK;1;1100;1.8;218;56094727;513143573
1924;ASTEN                         ;1PWK;1;660;5.06;727;57495412;514164805
1934;MIERLO                        ;1PWK;1;1100;2;594;56132573;514435404
1957;ASTEN                         ;1PWK ;1;1100;1.82;820;57522823;514154948
1959;BUDEL                         ;1PWK ;1;240;1.7;519;55632729;512679441
1995;BUDEL                         ;1PWK ;1;770;2.82;175;55879782;512565279
2091;MAARHEEZE                     ;1PWK;1;1100;1;278;56132713;513114693
2094;ASTEN                         ;1PWK;1;2500;4.25;822;57480608;514157116
2100;MAARHEEZE                     ;1PWK ;1;660;3.06;227;56110856;513134501
2184;MAARHEEZE                     ;1PWK;1;240;3.91;579;56045044;513114663
2188;MIERLO                        ;2PWK ;11;5000;55;589;55944652;514361112
2191;MIERLO                        ;2PWK ;1;5000;5;589;55944652;514361112
2212;MIERLO                        ;1PWK ;1;660;1.56;668;56148214;514471962
2241;HEUSDEN GEM ASTEN             ;1PWK ;1;660;2.27;715;57456148;513852999
2259;MIERLO                        ;1PWK;1;660;1.23;673;56151711;514456558
2300;BUDEL                         ;1PWK;1;240;1.66;565;55733835;512668464
2306;BUDEL                         ;2PWK ;1;1100;1.32;388;55768490;512663439
2314;BUDEL                         ;1PWK;1;660;1.57;217;55960022;512624313
2316;BUDEL                         ;1PWK ;1;240;0.99;381;55778188;512725841
2334;GASTEL                        ;1PWK;1;1100;2.15;192;55571198;512842882
2340;BEEK EN DONK                  ;1PWK ;1;1100;1.38;84;56338131;515460033
2346;DEURNE                        ;1PWK ;1;1100;2.72;913;57781957;514658502
2353;BUDEL                         ;1PWK;1;660;1.31;451;55775702;512754138
2456;SOMEREN                       ;1PWK;1;1100;3.25;983;56982105;513645018
2483;HEUSDEN GEM ASTEN             ;1PWK;1;660;1.67;790;57585176;513748475
2500;MAARHEEZE                     ;1PWK;1;1100;1;479;56295706;513089704
2511;DEURNE                        ;1PWK ;1;1100;1.6;855;57808963;514613607
2516;ASTEN                         ;1PWK ;1;660;4.17;723;57474087;514055307
2524;BEEK EN DONK                  ;1PWK;1;660;2;58;56369400;515491085
2539;BUDEL                         ;1PWK ;1;660;3.57;352;55732956;512718142
2593;HEUSDEN GEM ASTEN             ;1PWK;1;1100;1;776;57732605;513789996
2621;BUDEL                         ;1PWK;1;660;1.67;318;55900310;512656664
2627;MAARHEEZE                     ;1PWK;1;1100;1;236;56085408;513096253
2652;LIEROP                        ;1PWK;1;1100;3.68;1076;56897988;514326476
2680;MAARHEEZE                     ;1PWK;1;660;1.67;221;56042529;513151137
2682;MAARHEEZE                     ;1PWK;1;660;5.17;228;56061746;513084070
2688;MAARHEEZE                     ;1PWK;1;660;1.67;506;56360327;513057783
2697;BUDEL-SCHOOT                  ;1PWK ;1;1100;1.54;444;55661065;512503377
2698;BUDEL                         ;1PWK;1;660;1;413;55805777;512645048
2699;MAARHEEZE                     ;1PWK;1;240;2.4;491;56283508;513091741
2707;BUDEL                         ;1PWK;1;660;0.99;393;55768490;512663439
2714;ASTEN                         ;1PWK ;1;1100;2.09;793;57510182;514052415
2728;ASTEN                         ;1PWK;1;660;2.32;679;57372992;514081637
2740;MIERLO                        ;1PWK ;1;1100;15.46;611;56169629;514415268
2741;SOMEREN                       ;2PWK ;1;1100;2.19;1079;57373885;513613290
2757;BUDEL                         ;1PWK;1;660;2.42;395;55768490;512663439
2832;SOERENDONK                    ;1PWK;1;1100;2.55;414;55707701;512998509
2836;MAARHEEZE                     ;1PWK ;1;1100;1.31;289;56343016;513026712
2839;MAARHEEZE                     ;1PWK ;1;240;1;291;56371939;513033628
2840;MILHEEZE                      ;1PWK;1;1100;2.5;150;57985322;515138571
2862;MIERLO                        ;1PWK;1;1100;1.93;640;56219321;514462867
2939;ASTEN                         ;1PWK ;1;240;4.16;720;57476023;514039090
2949;MAARHEEZE                     ;1PWK;1;1100;5.33;263;56072795;513010309
3003;BUDEL                         ;1PWK;1;660;1;360;55730944;512700578
3018;SOERENDONK                    ;1PWK ;1;1100;12.46;182;55781698;513055625
3045;ASTEN                         ;1PWK;1;660;1.33;677;57632947;514020320
3046;BUDEL                         ;1PWK;1;1100;1.71;216;55960022;512624313
3115;AARLE RIXTEL                  ;1PWK ;1;660;1.33;113;56351319;515119245
3134;ASTEN                         ;1PWK ;1;2500;4.79;766;57448400;514090850
3140;MAARHEEZE                     ;1PWK ;1;660;1.3;251;56151535;513098100
3141;OMMEL                         ;1PWK;1;240;2.4;801;57479367;514174748
3197;DEURNE                        ;1PWK;1;240;2.4;911;57961791;514633335
3205;BUDEL                         ;1PWK;1;240;1.59;417;55890429;512785600
3209;DEURNE                        ;1PWK;1;660;1;873;57938642;514498084
3219;MAARHEEZE                     ;1PWK;1;1100;1.75;478;56295706;513089704
3223;MAARHEEZE                     ;1PWK ;1;1100;4;292;56343016;513026712
3238;LIESHOUT                      ;1PWK;1;1100;2;12;55906691;515179976
3292;MAARHEEZE                     ;1PWK;1;240;1;228;56061746;513084070
3295;LIEROP                        ;1PWK;1;660;1.5;972;56914023;514193661
3308;SOMEREN                       ;1PWK;1;1100;2.08;1061;56974104;513591354
3322;ASTEN                         ;1PWK;1;660;1.67;732;58281003;513898207
3329;LIESHOUT                      ;1PWK ;1;1100;2.66;7;55962628;515198859
3330;HEUSDEN GEM ASTEN             ;1PWK;1;1100;1.57;714;57456148;513852999
3333;SOMEREN                       ;1PWK;1;1100;2;1067;57467258;513461394
3348;SOMEREN                       ;1PWK;1;660;1.67;986;57070533;513678728
3349;SOERENDONK                    ;1PWK;1;240;0.98;309;55734602;513023563
3357;ASTEN                         ;1PWK;1;660;1.64;827;57386110;514059845
4088;SOMEREN                       ;1PWK;1;1100;1;1068;57461547;513506104
4153;NEERKANT                      ;1PWK;1;1100;2.5;884;58587279;513812817
4201;SOMEREN-HEIDE                 ;1PWK;1;1100;4;1048;56777825;513586629
4234;SOMEREN-HEIDE                 ;1PWK;1;660;2.21;1090;56953718;513459556
4235;MAARHEEZE                     ;1PWK ;1;660;1.57;225;56110856;513134501
4318;DEURNE                        ;1PWK;1;1100;1.5;918;58097128;514526036
4319;HEUSDEN GEM ASTEN             ;1PWK;1;1100;1.5;809;57796329;513514045
4328;VLIERDEN                      ;1PWK;1;1100;1;931;57416964;514409775
4333;VLIERDEN                      ;1PWK;1;660;1.67;2;57180571;514423001
4334;LIESHOUT                      ;1PWK;1;1100;2;89;55903900;515181308
4337;LIEROP                        ;1PWK;1;1100;19.32;1089;56692066;514217438
4340;BEEK EN DONK                  ;1PWK;1;1100;1;85;56340259;515468331
4350;BUDEL                         ;1PWK;1;140;1;344;55766409;512735769
4354;MIERLO                        ;1PWK;1;240;1;610;56192566;514423267
4357;VLIERDEN                      ;1PWK;1;1100;1.75;863;57513164;514421290
4358;ASTEN                         ;1PWK;1;1100;3;761;57317188;514112196
4359;DEURNE                        ;1PWK ;2;660;4.12;904;57951235;514638623
4367;ASTEN                         ;1PWK;1;1100;1.6;704;57576572;514143898
4454;HEUSDEN GEM ASTEN             ;1PWK;1;1100;1.5;814;57883604;513806923
4487;SOMEREN-EIND                  ;1PWK;1;1100;2.5;952;57336509;513607511
4524;MAARHEEZE                     ;1PWK ;1;2500;2.57;180;55896560;513265973
4576;DEURNE                        ;1PWK ;1;1100;1.58;867;57717831;514645180
4579;MAARHEEZE                     ;1PWK;1;660;2.16;489;56288387;513090926
4608;GASTEL                        ;1PWK;1;660;1;420;55500966;512864091
4618;ASTEN                         ;1PWK;1;660;1.98;701;57472886;514036004
4631;MAARHEEZE                     ;1PWK;1;660;3;211;56154741;513129984
4721;BEEK EN DONK                  ;1PWK ;1;240;1;152;56272812;515376518
4734;MAARHEEZE                     ;1PWK;1;240;4.29;507;56360327;513057783
4736;HEUSDEN GEM ASTEN             ;1PWK;1;1100;1;797;58096992;513710832
4740;BUDEL                         ;1PWK;1;660;1.4;562;55732212;512758635
4746;MAARHEEZE                     ;1PWK;1;240;1;251;56151535;513098100
4748;BUDEL                         ;1PWK;1;660;2.92;528;55808335;512714748
4749;MAARHEEZE                     ;1PWK;1;660;1.17;220;56030207;513157805
4750;BUDEL                         ;1PWK;1;1100;3.28;440;55832672;512829977
4751;BUDEL                         ;1PWK;1;660;1.57;436;55816706;512836004
4752;BUDEL                         ;1PWK;1;1000;3.5;462;55706327;512635174
4753;BUDEL                         ;1PWK;1;660;1;339;55766409;512735769
4755;BUDEL-SCHOOT                  ;1PWK;1;1000;5;428;55681820;512426520
4763;BUDEL                         ;2PWK ;1;1100;2.29;302;55738253;512736037
4766;BUDEL-SCHOOT                  ;1PWK;1;660;1.67;584;55677179;512570126
4767;MAARHEEZE                     ;1PWK;1;660;3.25;249;56151535;513098100
4772;GASTEL                        ;1PWK ;1;1000;2;196;55540199;512843018
4773;SOERENDONK                    ;1PWK;1;660;2.25;573;55793233;513002352
4774;MAARHEEZE                     ;1PWK;1;660;2.67;242;56180318;513114867
4775;SOERENDONK                    ;1PWK;1;660;1.9;372;55808956;513041642
4779;HEUSDEN GEM ASTEN             ;1PWK;1;660;2.25;771;57641411;513836848
4780;BUDEL                         ;1PWK;1;660;1.67;354;55732956;512718142
4782;MAARHEEZE                     ;1PWK;1;660;1.17;494;56295706;513089704
4783;BUDEL-SCHOOT                  ;1PWK;1;1000;2;433;55630798;512538212
4796;BUDEL                         ;1PWK;1;1100;3.35;385;55773737;512648912
4797;BUDEL                         ;1PWK;1;1100;1.25;411;55805777;512645048
4798;BUDEL                         ;1PWK;1;660;1;306;55738817;512723775
4800;MAARHEEZE                     ;1PWK ;1;660;2;279;56132713;513114693
4801;SOERENDONK                    ;1PWK;1;1100;2.75;209;55715621;513061594
4804;BUDEL                         ;1PWK;1;660;1.5;567;55762323;512649331
4814;MAARHEEZE                     ;1PWK;1;660;3.48;239;56405661;513141546
4815;MAARHEEZE                     ;1PWK;1;660;3.75;233;56098346;513230206
4816;BUDEL DORPLEIN                ;1PWK;1;660;2.73;553;55678466;512407185
4823;MAARHEEZE                     ;1PWK ;1;240;3.17;241;56219241;513102353
4824;GASTEL                        ;1PWK;1;660;2.12;456;55588113;512879347
4825;MAARHEEZE                     ;1PWK;1;240;1.25;477;56295706;513089704
4829;MAARHEEZE                     ;1PWK;1;660;3;264;56172597;513080785
4831;SOERENDONK                    ;1PWK;1;660;2.99;373;55808956;513041642
4838;BUDEL                         ;1PWK ;1;660;2.67;430;55724513;512631865
4842;MAARHEEZE                     ;1PWK ;1;660;1;291;56371939;513033628
4844;BUDEL                         ;1PWK ;1;1100;3.28;323;55749270;512744895
4845;MAARHEEZE                     ;1PWK;1;1100;1.63;282;56132713;513114693
4851;MAARHEEZE                     ;1PWK ;1;1100;2;257;56116733;513084815
4852;MAARHEEZE                     ;1PWK;1;660;1;258;56113026;513088241
4857;GASTEL                        ;1PWK;1;660;2.07;457;55570967;512863277
4858;MAARHEEZE                     ;1PWK;1;1100;1;511;56540074;513169402
4875;BUDEL                         ;1PWK;1;1100;1.16;313;55712523;512744033
4878;MAARHEEZE                     ;1PWK;1;660;2.5;510;56540074;513169402
4879;BUDEL                         ;1PWK;1;660;1;340;55766409;512735769
4881;AARLE RIXTEL                  ;1PWK;1;660;1.67;80;56489943;515168143
4884;BUDEL                         ;1PWK;1;240;1.29;353;55732956;512718142
4895;BUDEL DORPLEIN                ;1PWK;1;1100;2;554;55678466;512407185
4896;BUDEL                         ;1PWK;1;660;1;410;55805777;512645048
4903;BUDEL-SCHOOT                  ;1PWK;1;660;1.5;586;55675978;512566849
4904;BUDEL                         ;1PWK;1;660;4.43;330;55994627;512627298
4907;MAARHEEZE                     ;1PWK;1;660;1;259;56116733;513084815
4910;MAARHEEZE                     ;1PWK;1;1000;3;405;56065543;513074332
4911;BUDEL                         ;1PWK;1;1100;2.6;382;55915764;512707134
4926;MAARHEEZE                     ;1PWK;1;660;2.8;237;56369116;513109555
4934;BUDEL                         ;1PWK;1;660;2.66;520;55703108;512671254
4935;MAARHEEZE                     ;1PWK;1;1100;3.93;229;56061746;513084070
4945;GASTEL                        ;1PWK;1;1100;2.25;275;55569436;512848953
4949;MAARHEEZE                     ;1PWK;1;660;2.9;177;56215500;513133629
4950;MAARHEEZE                     ;1PWK;1;660;1.78;248;56151535;513098100
4953;BEEK EN DONK                  ;1PWK;1;660;1.5;97;56345271;515441947
4955;GASTEL                        ;1PWK;1;660;1.67;265;55558699;512852298
4956;BUDEL                         ;1PWK;1;660;2;439;55810544;512876235
4957;GASTEL                        ;1PWK;1;1000;1.89;199;55535058;512840788
4958;BUDEL                         ;1PWK;1;660;2.17;524;55787258;512733079
4969;BUDEL                         ;1PWK;1;240;2;357;55732956;512718142
4970;BUDEL-SCHOOT                  ;1PWK;1;1100;4.27;447;55753389;512555091
4974;MAARHEEZE                     ;1PWK;1;660;5.08;219;56094727;513143573
4977;SOERENDONK                    ;1PWK;1;1100;3;208;55804943;512968823
4978;BUDEL                         ;1PWK;1;1100;1.5;304;55738253;512736037
4981;SOERENDONK                    ;1PWK;1;1100;4.67;377;55818231;513068658
4985;SOERENDONK                    ;1PWK;1;660;3.02;570;55787777;512991192
4986;MAARHEEZE                     ;1PWK;1;660;5.42;234;56310776;513228634
4987;BUDEL                         ;1PWK;1;660;3.86;403;56071546;512824985
4988;BUDEL                         ;1PWK;1;1100;1.47;464;55765104;512761887
4991;BUDEL                         ;1PWK;1;660;2.52;469;55469329;512760325
4992;BUDEL                         ;1PWK ;1;660;1.59;544;55809144;512771096
4994;BUDEL                         ;1PWK ;1;240;1.12;452;55775702;512754138
5004;BUDEL                         ;1PWK;1;1100;1.5;315;55725911;512740040
5005;BUDEL                         ;1PWK ;1;240;1;343;55766409;512735769
5006;BUDEL                         ;1PWK ;1;240;1;301;55738253;512736037
5009;BUDEL                         ;1PWK ;1;240;1.35;358;55732956;512718142
5010;BUDEL                         ;1PWK ;1;660;2.46;319;55749270;512744895
5011;BUDEL-SCHOOT                  ;1PWK ;1;240;1.33;551;55656503;512488884
5012;BUDEL                         ;1PWK;1;240;1.98;361;55732956;512718142
5015;BUDEL                         ;1PWK;1;660;1;341;55766409;512735769
5017;BUDEL                         ;1PWK ;1;240;2;305;55738253;512736037
5018;BUDEL                         ;1PWK;1;240;1.25;311;55721736;512738620
5036;ASTEN                         ;2PWK ;1;1100;3.28;787;57465406;514056517
5037;MAARHEEZE                     ;1PWK;1;1100;3;512;56540074;513169402
5038;SOERENDONK                    ;1PWK;1;1100;1;376;55818231;513068658
5039;BUDEL                         ;1PWK;1;1100;1;540;55610528;512671069
5048;SOERENDONK                    ;1PWK;1;240;1;416;55707701;512998509
5049;BUDEL                         ;1PWK;1;660;1;409;55805777;512645048
5050;BUDEL-SCHOOT                  ;1PWK;1;660;2.63;583;55676675;512568753
5052;BUDEL-SCHOOT                  ;1PWK;1;660;1.5;582;55676172;512567381
5053;MAARHEEZE                     ;1PWK;1;660;3.32;213;56151514;513139224
5055;BUDEL                         ;1PWK;1;1100;2.06;561;55732212;512758635
5056;BUDEL                         ;1PWK;1;240;0.9;315;55725911;512740040
5058;GASTEL                        ;1PWK;1;660;1.84;266;55540129;512855273
5061;BUDEL                         ;1PWK;1;1100;2.93;466;55297404;512863434
5063;MAARHEEZE                     ;1PWK;1;240;1.57;251;56151535;513098100
5080;MAARHEEZE                     ;1PWK;1;1100;3.53;179;55975846;513195300
5082;BUDEL DORPLEIN                ;1PWK;1;660;4.75;368;55960111;512363639
5092;BUDEL                         ;1PWK;1;660;1;526;55768744;512740204
5093;BUDEL                         ;1PWK;1;660;3.83;175;55879782;512565279
5097;BUDEL                         ;1PWK;1;240;1.71;515;55710027;512773766
5105;GASTEL                        ;1PWK;1;660;2.5;459;55583704;512875215
5107;GASTEL                        ;1PWK;1;660;3;200;55525805;512881130
5109;GASTEL                        ;1PWK;1;1100;2.89;576;55507560;512860086
5111;SOERENDONK                    ;1PWK;1;660;1.86;184;55775086;513020182
5114;SOERENDONK                    ;1PWK;1;240;1.33;415;55707701;512998509
5116;BUDEL                         ;1PWK;1;240;1.57;521;55673375;512706307
5126;SOERENDONK                    ;1PWK;1;660;2;188;55736732;513012236
5127;BUDEL-SCHOOT                  ;1PWK;1;240;1.84;362;55649638;512520225
5128;BUDEL                         ;1PWK;1;240;5.65;423;55764094;512785135
5131;MAARHEEZE                     ;1PWK;1;660;1;258;56113026;513088241
5139;MAARHEEZE                     ;1PWK;1;660;2;508;56508152;513208968
5140;GASTEL                        ;1PWK;1;660;1.39;454;55591543;512882562
5141;SOERENDONK                    ;1PWK;1;660;2;571;55787777;512991192
5142;BUDEL DORPLEIN                ;1PWK;1;660;2.5;564;55854191;512348671
5144;GASTEL                        ;1PWK;1;660;2.74;575;55451726;512843782
5146;BUDEL-SCHOOT                  ;1PWK;1;660;1;550;55653205;512480863
5152;GASTEL                        ;1PWK;1;1100;3.55;421;55500966;512864091
5159;BUDEL                         ;1PWK;1;1100;3.11;563;55737036;512691071
5166;BUDEL                         ;1PWK;1;660;2.59;529;55808335;512714748
5170;GASTEL                        ;1PWK;1;1100;4.05;458;55591543;512882562
5175;GASTEL                        ;1PWK;1;1100;2.36;274;55569436;512848953
5176;GASTEL                        ;1PWK;1;1100;2.86;276;55569436;512848953
5178;BUDEL-SCHOOT                  ;1PWK;1;660;3.2;548;55692838;512512473
5185;AARLE RIXTEL                  ;1PWK ;1;240;2.09;74;56399191;515102396
5189;BUDEL                         ;1PWK;1;1100;2.61;523;55797017;512747652
5190;GASTEL                        ;1PWK;1;660;2.29;460;55564109;512856849
5201;BUDEL                         ;1PWK;1;660;2.09;566;55762323;512649331
5202;BUDEL                         ;1PWK;1;1100;10.12;533;55890429;512785600
5204;SOERENDONK                    ;1PWK;1;660;1.67;572;55787777;512991192
5205;MAARHEEZE                     ;1PWK;1;660;4;268;56201199;513061991
5209;MAARHEEZE                     ;1PWK;1;1100;2.74;499;56295706;513089704
5215;MAARHEEZE                     ;1PWK;1;1100;6;514;56415851;513239997
5219;BUDEL                         ;1PWK;1;660;2.62;367;55822458;512738790
5221;BUDEL                         ;1PWK;1;1100;2.86;335;55999808;512590581
5224;BUDEL                         ;1PWK;1;660;1;426;55755154;512739167
5226;MAARHEEZE                     ;1PWK ;1;240;2.53;345;56314537;513151506
5229;MIERLO                        ;1PWK;1;660;1;630;56339371;514502805
5232;MAARHEEZE                     ;1PWK;1;660;2;284;56132713;513114693
5239;GASTEL                        ;1PWK;1;1100;1.75;277;55569436;512848953
5264;MIERLO                        ;1PWK ;1;770;2.82;633;56203440;514380486
5296;DEURNE                        ;1PWK ;1;3000;3.2;852;57830273;514623264
5297;LIESSEL                       ;1PWK ;1;3000;2.87;889;58184273;514155222
5298;BEEK EN DONK                  ;1PWK ;2;1100;2.45;73;56343381;515286138
5303;MIERLO                        ;1PWK ;1;1000;1.45;667;56148214;514471962
5339;BUDEL                         ;1PWK;1;660;1;531;55768551;512723152
5344;ASTEN                         ;1PWK;1;1100;2.48;734;58393872;513892888
5351;BUDEL-SCHOOT                  ;1PWK ;1;240;2.38;560;55677179;512570126
5362;BUDEL                         ;1PWK;1;240;2.29;527;55768744;512740204
5407;BUDEL                         ;1PWK;1;660;2.45;465;55772346;512775660
5473;SOMEREN                       ;1PWK;1;660;2.59;957;57359071;513561964
5532;DEURNE                        ;1PWK;1;1100;2;880;58490339;514484702
5542;MAARHEEZE                     ;1PWK;1;660;1.22;255;56109320;513091667
5550;BUDEL-SCHOOT                  ;1PWK;1;660;2;371;55611499;512491362
5553;NEERKANT                      ;1PWK;1;1100;2;919;58671331;513859098
5555;BUDEL                         ;1PWK;1;1100;1.2;397;55768490;512663439
5564;BUDEL DORPLEIN                ;1PWK;1;1100;3.92;559;55844607;512345518
5571;GASTEL                        ;1PWK;1;1100;2.18;422;55500966;512864091
5576;BEEK EN DONK                  ;1PWK;1;240;2;93;56360933;515468878
5636;SOERENDONK                    ;1PWK;1;1100;2.2;205;55739525;512968248
5679;ASTEN                         ;1PWK;1;1100;2.98;736;57448518;514119630
5682;MIERLO                        ;1PWK;1;240;2;596;56135928;514436289
5729;BUDEL                         ;1PWK;1;660;1;450;55775702;512754138
5762;AARLE RIXTEL                  ;1PWK;1;660;2;105;56466666;515116249
5773;DEURNE                        ;1PWK;1;660;1;850;58114258;514534679
5787;BUDEL                         ;1PWK;1;1100;3;537;55689784;512788905
5788;BUDEL                         ;1PWK;1;770;2.82;297;56014297;512661378
5791;ASTEN                         ;1PWK ;1;240;2.5;680;57383855;514087290
5792;HEUSDEN GEM ASTEN             ;1PWK;1;1100;1;773;57634340;513828292
5793;ASTEN                         ;1PWK;1;1100;2.37;749;57392174;513994901
5794;DEURNE                        ;1PWK;1;660;3;895;57968519;514538469
5804;SOERENDONK                    ;1PWK;1;1100;3.5;183;55781698;513055625
5832;GASTEL                        ;1PWK;1;1100;1;195;55545341;512845249
5856;SOERENDONK                    ;1PWK;1;1100;2.5;207;55779523;512919288
5861;BUDEL-SCHOOT                  ;1PWK;1;660;1.43;445;55661451;512500917
5878;SOMEREN                       ;1PWK;1;1100;2;1094;56989411;513312894
5882;SOMEREN                       ;1PWK;1;1100;1;985;57070533;513678728
5888;BUDEL                         ;1PWK;1;1100;1;351;55732956;512718142
5908;BEEK EN DONK                  ;1PWK;1;660;1;83;56341323;515472481
5927;MILHEEZE                      ;1PWK;1;2500;4.37;101;57861407;515034852
5929;BUDEL                         ;1PWK;1;240;4.37;424;55764094;512785135
5970;SOMEREN                       ;1PWK;1;660;2;937;57186528;513785497
5983;GASTEL                        ;1PWK;1;660;1.75;194;55575604;512827705
6010;SOERENDONK                    ;1PWK;1;660;3.33;536;55729173;513034802
6064;DEURNE                        ;1PWK;1;1100;4.5;841;58658644;514501963
6094;AARLE RIXTEL                  ;1PWK ;1;1100;1.83;161;56299990;515109152
6129;STERKSEL                      ;1PWK;1;1100;3.67;39;56432534;513604892
6136;BUDEL-SCHOOT                  ;1PWK;1;1100;2.87;400;55810569;512493622
6139;ASTEN                         ;1PWK;1;1100;1;760;57317188;514112196
6144;BUDEL DORPLEIN                ;1PWK;1;660;3.14;369;55960111;512363639
6147;BUDEL                         ;1PWK;1;660;1.92;518;55682133;512689071
6168;MAARHEEZE                     ;1PWK;1;660;4.3;246;56157251;513122223
6169;HEUSDEN GEM ASTEN             ;1PWK;1;1100;2;775;57758624;513799148
6181;DEURNE                        ;1PWK;1;660;2;872;57932197;514506798
6217;BUDEL                         ;1PWK;1;660;1;356;55732956;512718142
6224;BUDEL                         ;1PWK;1;1100;0.96;303;55738253;512736037
6248;MIERLO                        ;1PWK ;1;240;1.5;607;56192566;514423267
6249;BUDEL                         ;1PWK;1;1100;1.25;317;55900310;512656664
6255;DE RIPS                       ;1PWK;1;1100;1.5;48;58313738;515470904
6260;HEUSDEN GEM ASTEN             ;1PWK;1;770;1;695;57679378;513811429
6270;DEURNE                        ;1PWK;1;660;4;871;57938642;514498084
6272;BUDEL DORPLEIN                ;1PWK;1;1100;5.92;556;55683317;512374472
6274;DEURNE                        ;1PWK ;1;240;7;906;57951235;514638623
6286;BUDEL                         ;1PWK;1;1100;3.22;172;55872622;512817036
6289;SOERENDONK                    ;1PWK;1;240;1;187;55732337;513005525
6315;MAARHEEZE                     ;1PWK;1;1100;2;230;56076186;513092583
6316;SOERENDONK                    ;1PWK;1;660;1.75;572;55787777;512991192
6321;DEURNE                        ;1PWK;1;1100;3;877;58058617;514510208
6322;DEURNE                        ;1PWK;1;1100;4;917;57763977;514658013
6340;MAARHEEZE                     ;1PWK;1;660;3.23;243;56167717;513111735
6359;BUDEL                         ;1PWK ;1;240;2.28;468;55469329;512760325
6360;ASTEN                         ;1PWK;1;660;4;833;57435981;514049446
6378;DEURNE                        ;1PWK;1;1100;3.94;844;57970282;514831312
6395;SOERENDONK                    ;1PWK;1;1100;3.58;267;55599972;512965270
6428;DEURNE                        ;1PWK;1;240;2;914;57781957;514658502
6478;MIERLO                        ;1PWK;1;660;2;619;56209304;514443321
6498;MAARHEEZE                     ;1PWK;1;240;1;470;56287167;513091130
6503;MAARHEEZE                     ;1PWK;1;240;1;260;56109320;513091667
6527;OMMEL                         ;1PWK;1;1100;1;692;57178951;514354581
6587;MAARHEEZE                     ;2PWK ;1;1100;2.18;281;56132713;513114693
6603;BUDEL-SCHOOT                  ;1PWK;1;660;1.67;363;55658565;512519344
6654;ASTEN                         ;1PWK;1;240;3;694;57480240;514036357
6759;DE RIPS                       ;1PWK;1;1100;1.2;149;58180049;515360179
6771;MAARHEEZE                     ;1PWK ;1;660;3.64;472;56295706;513089704
6809;BUDEL                         ;1PWK ;1;660;1;312;55712523;512744033
6813;AARLE RIXTEL                  ;1PWK ;1;1100;1.64;153;56496977;515119386
6828;SOMEREN                       ;1PWK;1;770;2.82;984;56982105;513645018
6863;HEUSDEN GEM ASTEN             ;1PWK;1;1100;1.5;775;57758624;513799148
6865;BUDEL                         ;1PWK ;2;770;5.62;325;55836391;512679827
6887;BUDEL                         ;1PWK ;1;2500;3.16;437;55813789;512867419
6888;BUDEL                         ;1PWK ;1;1100;1.47;394;55768490;512663439
6895;LIESSEL                       ;1PWK;1;1100;3.08;892;58325496;514108430
6912;ASTEN                         ;1PWK ;1;1100;1.25;705;57543850;514149380
6925;BUDEL                         ;1PWK ;1;1100;2.93;348;55732956;512718142
6955;MIERLO                        ;1PWK;1;1100;7.23;600;56159735;514434084
7009;SOMEREN-EIND                  ;1PWK ;1;660;0.89;994;57352532;513642479
7011;MIERLO                        ;1PWK ;1;2500;3.5;632;56192428;514387856
7040;MIERLO                        ;1PWK;1;1100;3.67;671;56151711;514456558
7070;SOMEREN                       ;1PWK ;1;770;2.71;998;57364826;513571595
7072;MIERLO                        ;1PWK ;1;1100;2.5;645;56219321;514462867
7083;SOMEREN-EIND                  ;1PWK ;1;1100;3;1095;57389864;513536923
7097;SOMEREN                       ;1PWK;1;1100;2;944;56984353;513827007
7104;SOERENDONK                    ;1PWK ;1;1100;1.47;308;55734602;513023563
7133;SOMEREN-EIND                  ;1PWK;1;1100;6;1086;57416289;513636136
7137;SOMEREN                       ;1PWK ;1;660;3.12;937;57186528;513785497
7161;SOERENDONK                    ;1PWK ;2;1100;10;504;55911524;513110766
7184;DEURNE                        ;1PWK ;1;1100;5;902;57922114;514628320
7205;BEEK EN DONK                  ;1PWK ;1;1100;1.79;66;56297612;515382092
7211;BUDEL                         ;1PWK ;1;1100;1;351;55732956;512718142
7226;BAKEL                         ;1PWK ;1;1100;2.05;51;57471224;515031656
7237;MIERLO                        ;1PWK ;1;1100;19.07;606;56192566;514423267
7300;BUDEL                         ;1PWK ;1;660;1.67;412;55811560;512649429
7308;BUDEL                         ;2PWK ;2;1100;5.35;365;55723666;512635389
7309;MAARHEEZE                     ;1PWK ;1;1100;13.02;224;56113773;513135641
7314;MIERLO                        ;1PWK ;1;660;2.98;603;56187409;514433911
7315;MIERLO                        ;1PWK ;1;770;2.82;633;56203440;514380486
7316;MIERLO                        ;1PWK;1;660;2.84;605;56255323;514422893
7355;STERKSEL                      ;2PWK ;2;1100;4;156;56250709;513603305
7357;STERKSEL                      ;2PWK ;4;660;7;156;56250709;513603305
7359;STERKSEL                      ;2PWK ;2;1100;4;156;56250709;513603305
7365;STERKSEL                      ;1PWK ;4;1100;8;156;56250709;513603305
7370;STERKSEL                      ;1PWK ;1;1100;2;156;56250709;513603305
7371;STERKSEL                      ;1PWK ;1;1100;2;156;56250709;513603305
7372;STERKSEL                      ;1PWK ;1;660;2;156;56250709;513603305
7373;STERKSEL                      ;1PWK ;1;660;1;156;56250709;513603305
7374;SOMEREN                       ;1PWK ;1;660;2.96;978;57279824;513669394
7424;SOMEREN                       ;1PWK ;1;770;2.87;1010;57304212;513564900
7430;LIEROP                        ;1PWK;1;1100;1.93;1087;56780122;514199592
7437;MIERLO                        ;1PWK;1;3000;4.56;675;56174012;514477414
7472;LIEROP                        ;1PWK;1;1100;3;1088;56803100;514507567
7477;MIERLO                        ;1PWK ;1;660;1.5;615;56249605;514407039
7480;BUDEL                         ;1PWK;1;770;2.82;384;55632729;512679441
7492;MAARHEEZE                     ;1PWK;1;1100;1.36;488;56295706;513089704
7505;SOMEREN                       ;1PWK ;1;660;2.38;948;57327085;513622185
7541;BUDEL-SCHOOT                  ;1PWK ;1;1100;2;364;55658565;512519344
7610;SOMEREN                       ;1PWK;1;1100;2.49;1026;57257785;513293978
7617;MAARHEEZE                     ;1PWK;1;1000;3.09;244;56167717;513111735
7618;MIERLO                        ;1PWK;1;1100;2.67;651;56219321;514462867
7646;SOMEREN-EIND                  ;2PWK ;1;1100;1.46;981;57279824;513669394
7694;SOMEREN                       ;1PWK ;1;3000;3.29;1080;57375883;513616048
7706;AARLE RIXTEL                  ;1PWK;1;1100;1;52;56458187;515042843
7709;SOMEREN-EIND                  ;1PWK;1;1100;2.33;934;57379364;513595172
7714;MIERLO                        ;1PWK;1;770;1.25;618;56229003;514450809
7720;SOMEREN-EIND                  ;1PWK;1;1100;11.45;953;57334265;513611004
7730;MIERLO                        ;1PWK ;1;1100;3.14;631;56203440;514380486
7740;BUDEL                         ;2PWK ;1;1100;1.72;397;55768490;512663439
7747;SOMEREN                       ;1PWK;1;1100;2.68;1091;56934840;513506895
7753;SOMEREN-HEIDE                 ;1PWK ;1;1100;2.43;1018;56960518;513505391
7772;MAARHEEZE                     ;1PWK ;2;1100;1.89;286;56343016;513026712
7774;MAARHEEZE                     ;1PWK ;1;2500;5;286;56343016;513026712
7791;LIEROP                        ;1PWK ;1;1100;1.5;1065;56820350;514199931
7814;STERKSEL                      ;1PWK ;1;660;1.5;102;56167503;513525558
7867;DE RIPS                       ;1PWK ;1;1100;1.56;122;58130295;515474194
7941;SOERENDONK                    ;1PWK ;1;660;4.27;203;55885334;513036583
7953;BUDEL                         ;2PWK ;1;1100;1.93;349;55732956;512718142
7979;SOMEREN                       ;1PWK ;1;1100;3.44;938;57186528;513785497
7980;SOMEREN-EIND                  ;1PWK ;1;1100;1.57;1038;57055223;513549911
8030;SOERENDONK                    ;1PWK;1;1100;2.71;206;55739525;512968248
8033;SOMEREN                       ;1PWK;1;2500;2.25;1066;57309999;513747137
8131;SOMEREN                       ;1PWK;1;1100;1.15;987;57070533;513678728
8141;BUDEL                         ;1PWK ;1;1100;2.87;361;55732956;512718142
8188;SOMEREN-EIND                  ;1PWK ;1;660;5;1002;57351485;513586310
8201;MIERLO                        ;1PWK ;1;1100;2;604;56255323;514422893
8202;MIERLO                        ;1PWK;1;240;1;592;56072436;514397165
8211;SOERENDONK                    ;1PWK ;2;1100;3.47;535;55728945;513034636
8233;SOMEREN-EIND                  ;1PWK ;1;1100;1.69;943;57242980;513743425
8234;MIERLO                        ;1PWK ;1;1100;1.5;626;56301565;514469062
8244;BUDEL                         ;1PWK ;2;1100;3.33;516;55688002;512776090
8269;SOMEREN                       ;1PWK;1;1100;2;995;57259175;513765361
8272;SOMEREN-EIND                  ;1PWK;1;2500;2.5;1083;57379879;513621564
8290;MIERLO                        ;1PWK;1;660;1.83;644;56219321;514462867
8316;HELENAVEEN                    ;1PWK;1;1100;1.5;900;59217110;513938866
8319;SOERENDONK                    ;1PWK;1;660;2.67;189;55603403;512922293
8327;BUDEL-SCHOOT                  ;1PWK;1;1100;1;429;55681820;512426520
8331;ASTEN                         ;1PWK;1;660;3;779;57474172;514116147
8333;ASTEN                         ;1PWK;1;1100;1.25;813;57884065;513962256
8361;MAARHEEZE                     ;1PWK;1;660;1.89;223;56030207;513157805
8363;SOMEREN                       ;1PWK;1;660;16.29;1055;56768255;513526373
8365;MAARHEEZE                     ;1PWK;1;1100;3;446;56240126;513128826
8368;SOERENDONK                    ;1PWK;1;660;1;270;55824765;513056094
8369;BEEK EN DONK                  ;1PWK;1;240;3;126;56294362;515404944
8409;AARLE RIXTEL                  ;1PWK;1;660;2.19;111;56357593;515091919
8410;BUDEL                         ;1PWK;1;1100;2.52;449;55775702;512754138
8412;GASTEL                        ;1PWK;1;240;2.45;419;55535058;512840788
8413;SOERENDONK                    ;1PWK ;1;2500;2.75;186;55732337;513005525
8414;BUDEL-SCHOOT                  ;1PWK;1;1100;3;370;55611499;512491362
8418;MAARHEEZE                     ;1PWK ;1;1100;1;280;56132713;513114693
8435;DEURNE                        ;1PWK ;1;1100;3.22;909;57986492;514625535
8444;BAKEL                         ;1PWK;1;660;1.5;124;57438342;515006091
8492;DE RIPS                       ;1PWK;1;660;2.5;120;58012390;515406197
8497;ASTEN                         ;1PWK;1;660;24.69;750;57416531;514012213
8584;SOMEREN                       ;1PWK ;1;2500;3.14;1081;57387299;513631809
8607;MIERLO                        ;1PWK;1;1100;1.5;653;55849626;514330800
8669;BEEK EN DONK                  ;1PWK ;1;2500;2.38;139;56288712;515418378
8699;DEURNE                        ;1PWK;1;1100;1.25;881;58546113;514753988
8942;MILHEEZE                      ;1PWK;1;770;-0.18;151;57902936;515083553
8971;HEUSDEN GEM ASTEN             ;1PWK;1;660;4;831;57561496;513626531
8983;DEURNE                        ;1PWK;1;660;2;916;57763977;514658013
9016;BEEK EN DONK                  ;1PWK;1;770;1.72;146;56444333;515212320
9490;BAKEL                         ;1PWK ;1;660;1.71;125;57332032;514978468
14927;DEURNE                        ;2PWK ;2;5000;4.21;875;58064245;514365093
14930;SOMEREN                       ;1PWK;1;1100;2;1029;57245095;513367630
15031;DEURNE                        ;1PWK;1;660;1.5;845;58062651;514847576
15074;MAARHEEZE                     ;1PWK ;2;1100;3.22;486;56295706;513089704
15093;BEEK EN DONK                  ;1PWK ;1;660;2.09;82;56336713;515454501
15142;BUDEL                         ;1PWK ;1;1100;2.37;391;55768490;512663439
15168;ASTEN                         ;1PWK;1;1100;2.73;728;57498607;514172242
15180;SOMEREN                       ;1PWK;1;770;2.82;1035;57225887;513602379
15265;ASTEN                         ;1PWK;1;660;2.84;838;57367529;514067595
15272;SOERENDONK                    ;1PWK ;1;660;2.75;272;55817686;513052828
15426;BUDEL                         ;1PWK;1;1100;4.57;542;55793561;512695857
15458;BUDEL                         ;1PWK ;1;660;1;339;55766409;512735769
15487;SOERENDONK                    ;1PWK;1;1100;2.67;190;55603403;512922293
15631;MIERLO                        ;1PWK;1;1100;1.87;670;56148214;514471962
15674;MIERLO                        ;2PWK ;1;5000;5.41;656;56313818;514528653
15760;BUDEL                         ;1PWK;1;660;1.94;170;55718302;512652154
15767;MAARHEEZE                     ;1PWK;1;1100;1.25;487;56290826;513090519
15825;BUDEL-SCHOOT                  ;1PWK;1;1100;5;580;55668123;512545421
15911;SOMEREN                       ;1PWK ;1;1100;9.25;1016;56960518;513505391
15940;BUDEL                         ;1PWK;1;660;1;530;55770815;512707654
15945;HEUSDEN GEM ASTEN             ;1PWK;1;1100;2.43;769;57641411;513836848
15958;DEURNE                        ;1PWK;1;1100;1.67;879;58163539;514383851
16062;DEURNE                        ;1PWK;1;240;2;876;57910782;514612447
16067;DEURNE                        ;1PWK;1;1100;1;921;57901448;514375546
16093;SOMEREN                       ;1PWK;1;1100;2.14;1000;57356996;513580163
16132;SOMEREN-HEIDE                 ;1PWK;1;660;2;1021;57000244;513495992
16326;ASTEN                         ;1PWK;1;1100;3.02;708;57496736;514138520
16472;MARIAHOUT                     ;1PWK;1;660;2;160;55819015;515380047
16575;MAARHEEZE                     ;1PWK;1;660;1.25;501;56295706;513089704
16580;SOERENDONK                    ;1PWK;2;240;1;201;55892303;513040510
16607;BUDEL DORPLEIN                ;1PWK;1;660;3;557;55681820;512426520
16661;LIESSEL                       ;1PWK;1;1100;2;887;58273442;514070576
16673;HEUSDEN GEM ASTEN             ;1PWK;1;1100;2;772;57646927;513825233
16697;BUDEL-SCHOOT                  ;1PWK;1;1100;4;401;55761903;512521309
16759;SOMEREN                       ;1PWK;1;660;2;1037;57057246;513551570
16908;MAARHEEZE                     ;1PWK;1;660;1.5;492;56295706;513089704
16919;MAARHEEZE                     ;1PWK;1;660;1;490;56295706;513089704
16960;STERKSEL                      ;1PWK ;1;1100;2;156;56250709;513603305
17095;BUDEL                         ;1PWK;1;1100;2.03;328;55836391;512679827
17201;BUDEL                         ;1PWK;1;660;2.6;418;55890429;512785600
17262;BUDEL                         ;1PWK;1;1100;1.33;176;55879782;512565279
17379;SOMEREN-EIND                  ;1PWK;1;660;1.35;1085;57297805;513678558
17439;BEEK EN DONK                  ;1PWK;1;240;3;145;56444333;515212320
17541;ASTEN                         ;1PWK;1;660;1.8;747;57425197;514099993
17665;SOMEREN                       ;1PWK ;1;240;2.39;999;57357891;513579183
17714;DEURNE                        ;1PWK;1;240;2.4;859;57935809;514586412
17733;DEURNE                        ;1PWK;1;1100;5.57;926;57963299;514482197
17907;BUDEL                         ;1PWK ;3;240;2.46;522;55673202;512658858
17957;DEURNE                        ;1PWK;1;1100;3.5;860;57821417;514551402
17969;BUDEL                         ;1PWK;1;660;2.94;320;55754213;512745760
18006;ASTEN                         ;1PWK;1;660;1.78;810;57447773;514127200
18009;ASTEN                         ;1PWK ;1;660;2.84;810;57447773;514127200
18283;NEERKANT                      ;1PWK ;1;1100;1.44;929;58655308;513660095
18715;BEEK EN DONK                  ;1PWK;1;1100;1.74;71;56331410;515291395
18716;MARIAHOUT                     ;1PWK;1;660;1.33;19;55826351;515305370
18720;LIESSEL                       ;1PWK;1;1100;1.67;923;58170894;514129796
18835;SOMEREN                       ;1PWK;1;1100;2;1028;57250171;513338169
18837;SOMEREN                       ;1PWK ;1;240;1.67;1070;57159545;513779717
18872;MAARHEEZE                     ;1PWK ;1;660;2;224;56113773;513135641
18887;HEUSDEN GEM ASTEN             ;1PWK ;1;770;2.5;770;57641411;513836848
18963;DEURNE                        ;1PWK;1;5000;3.44;878;58058617;514510208
18967;SOMEREN                       ;1PWK;1;1100;2;1051;57171888;513462257
18996;MILHEEZE                      ;1PWK;1;660;1.67;165;57691698;514906610
19000;SOMEREN-HEIDE                 ;1PWK ;1;1100;1.75;1043;56930882;513289704
19087;GASTEL                        ;1PWK;1;660;1.47;193;55569436;512848953
19155;BUDEL                         ;1PWK;1;660;5.28;467;55370704;512824167
19168;DEURNE                        ;1PWK ;1;770;7.44;905;57951235;514638623
19186;BAKEL                         ;1PWK;1;660;1.67;62;57408854;515050352
19375;MIERLO                        ;1PWK ;1;3000;3;656;56313818;514528653
19377;BUDEL                         ;1PWK;1;770;3.12;532;55584073;512724292
19441;DEURNE                        ;1PWK ;1;1100;3;907;57924953;514517744
19473;STERKSEL                      ;1PWK;1;1100;0.97;28;56001337;513562615
19546;SOERENDONK                    ;1PWK;1;660;1.5;269;55824765;513056094
19697;BUDEL                         ;1PWK;1;660;2.22;431;55746076;512629082
19770;AARLE RIXTEL                  ;1PWK;1;1100;2.81;109;56431523;515061836
19836;MAARHEEZE                     ;1PWK ;2;240;1.33;249;56151535;513098100
19950;BEEK EN DONK                  ;1PWK ;1;1100;1;99;56334409;515445511
19987;BUDEL                         ;1PWK;1;1100;1.66;448;55775702;512754138
20010;BUDEL                         ;1PWK;1;660;2.2;386;55779648;512652084
20215;MAARHEEZE                     ;1PWK;1;660;1.67;497;56295706;513089704
20231;SOERENDONK                    ;1PWK;1;240;1;271;55824765;513056094
20255;ASTEN                         ;1PWK;1;240;5.5;832;57438319;514048144
20328;SOMEREN                       ;1PWK;1;1100;2.5;1078;57374456;513614078
20412;SOMEREN-EIND                  ;1PWK;1;770;2.82;954;57320803;513631968
20419;ASTEN                         ;1PWK ;1;770;0.98;792;57511605;514054958
20453;ASTEN                         ;1PWK;1;1100;3;731;57623876;514135824
20457;ASTEN                         ;1PWK;1;2500;3.7;731;57623876;514135824
20512;MAARHEEZE                     ;1PWK;1;660;1;222;56054851;513144469
20533;HEUSDEN GEM ASTEN             ;1PWK;1;1100;1.25;691;57698117;513595234
20621;BUDEL                         ;1PWK ;1;240;1.08;338;55993930;512596465
20690;SOERENDONK                    ;1PWK ;1;1100;3.13;202;55885334;513036583
20793;BUDEL                         ;1PWK;1;660;3.5;331;55994627;512627298
20844;DEURNE                        ;1PWK;1;240;1;874;57938642;514498084
20963;ASTEN                         ;1PWK;1;240;3;740;57448518;514119630
21064;LIESHOUT                      ;1PWK ;1;240;1;14;55928772;515179963
21094;SOMEREN                       ;2PWK ;1;3000;2.43;1059;57428964;513370346
21147;DE RIPS                       ;1PWK;1;660;1.25;43;58147291;515512354
21179;STERKSEL                      ;1PWK;1;1100;1.67;42;56432534;513604892
21276;BUDEL                         ;1PWK;1;240;2;333;56003022;512570718
21297;ASTEN                         ;1PWK ;1;1100;1.55;823;57474842;514152798
21300;ASTEN                         ;1PWK ;1;1100;2.71;784;57474172;514116147
21335;MAARHEEZE                     ;1PWK;1;1100;1.41;507;56360327;513057783
21343;MAARHEEZE                     ;1PWK;1;660;2.29;482;56295706;513089704
21589;MILHEEZE                      ;1PWK;1;1100;1.67;123;57751433;515027168
21701;BUDEL                         ;1PWK ;1;1100;1.58;215;55956402;512621287
21807;BUDEL                         ;1PWK ;1;1100;2.52;334;56003022;512570718
21839;AARLE RIXTEL                  ;1PWK;1;660;1.75;107;56466666;515116249
21967;MAARHEEZE                     ;1PWK;1;240;1;247;56151535;513098100
22147;ASTEN                         ;1PWK;1;1100;2;783;57474172;514116147
22171;BUDEL                         ;1PWK;1;660;2.09;310;55722683;512737991
22184;MAARHEEZE                     ;1PWK;1;660;1;495;56291436;513090417
22253;HEUSDEN GEM ASTEN             ;1PWK;1;660;2.33;803;57654970;513765077
22296;SOERENDONK                    ;1PWK;1;1100;1;374;55802325;513039659
22341;MARIAHOUT                     ;1PWK;1;660;1;4;55729329;515394533
22342;BUDEL                         ;1PWK ;4;660;2.33;327;55832309;512682181
22483;SOMEREN                       ;1PWK;1;1100;2.4;947;57336509;513607511
22704;MAARHEEZE                     ;1PWK;1;1100;3;497;56295706;513089704
22751;SOMEREN                       ;1PWK;1;660;1;1045;56777825;513586629
22771;ASTEN                         ;1PWK;1;240;2.4;821;57490218;514164314
22825;MIERLO                        ;1PWK;1;660;2.84;627;56251382;514340187
23037;SOMEREN                       ;1PWK;1;1100;3;939;57186528;513785497
23070;BUDEL                         ;1PWK;1;1100;2;167;55815034;512725843
23086;DEURNE                        ;1PWK;1;240;2.4;847;57948797;514640992
23106;HEUSDEN GEM ASTEN             ;1PWK;1;1100;2.88;800;57648448;513846080
23110;MIERLO                        ;1PWK;1;660;2.5;620;56200966;514447862
23155;MIERLO                        ;1PWK;1;770;1;636;56265217;514462044
23160;LIESSEL                       ;1PWK;1;660;1.2;870;58249088;514094573
23391;LIEROP                        ;1PWK;1;660;1.33;964;56826502;514286557
23456;NEERKANT                      ;1PWK;1;1100;2;882;58537934;513877400
23590;DEURNE                        ;1PWK;1;660;1.99;896;57968519;514538469
23596;MAARHEEZE                     ;1PWK;1;1100;1.5;471;56295706;513089704
23621;ASTEN                         ;1PWK ;1;660;1;807;58541393;513760159
23702;ASTEN                         ;1PWK;1;1100;2;763;57263675;514093298
23726;MIERLO                        ;2PWK ;1;1100;4.55;658;56254026;514405975
23728;MAARHEEZE                     ;2PWK ;1;2500;5.01;505;56371939;513033628
23795;MIERLO                        ;1PWK ;1;1100;1.45;666;56148214;514471962
23810;MAARHEEZE                     ;1PWK;1;1100;4.96;245;56157251;513122223
23852;ASTEN                         ;1PWK ;1;240;2;710;57528266;514127379
23862;AARLE RIXTEL                  ;1PWK ;1;660;1.55;106;56466666;515116249
23876;AARLE RIXTEL                  ;1PWK ;1;660;1.55;55;56563108;515187368
23880;SOMEREN                       ;1PWK ;1;660;1.95;1012;57356327;513549032
23890;SOMEREN                       ;1PWK ;1;1100;2.2;979;57279824;513669394
23922;SOMEREN                       ;1PWK;1;660;2.5;1084;57032356;513793886
23955;SOMEREN-EIND                  ;1PWK;1;660;1.9;1013;57360184;513560344
23982;BEEK EN DONK                  ;1PWK ;1;660;2.87;64;56297612;515382092
23988;BEEK EN DONK                  ;1PWK;1;660;2.17;87;56218677;515421448
23990;SOMEREN                       ;1PWK;1;1100;1.76;1023;57377768;513551504
24021;MAARHEEZE                     ;1PWK;1;1100;3.79;262;56172433;513125651
24042;DEURNE                        ;1PWK;1;660;1;853;57808963;514613607
24043;MAARHEEZE                     ;1PWK ;1;660;1.88;500;56295706;513089704
24044;ASTEN                         ;1PWK;1;1100;3.38;744;57448324;514099900
24046;ASTEN                         ;1PWK;1;1100;2.77;744;57448324;514099900
24047;SOMEREN                       ;1PWK ;1;1100;3.77;1060;57425256;513459534
24078;SOERENDONK                    ;1PWK;1;1100;1.75;204;55739525;512968248
24118;SOMEREN                       ;1PWK;1;660;1.5;1032;57080543;513371903
24119;BEEK EN DONK                  ;1PWK;1;660;1.67;129;56306912;515374796
24120;BUDEL                         ;2PWK ;1;1100;3.5;359;55730742;512698822
24125;BUDEL-SCHOOT                  ;1PWK ;1;660;1.63;549;55653205;512480863
24162;BUDEL                         ;1PWK ;1;240;2.2;298;55738253;512736037
24163;LIESHOUT                      ;1PWK;1;240;2;13;55957571;515179229
24164;AARLE RIXTEL                  ;1PWK;1;240;1.97;163;56389142;515100152
24180;MIERLO                        ;1PWK ;1;770;1.44;614;56098077;514403784
24229;DEURNE                        ;1PWK;1;660;2;856;57907485;514610892
24257;BEEK EN DONK                  ;1PWK;1;240;1.25;92;56365548;515460807
24294;ASTEN                         ;1PWK;1;660;2;739;57448518;514119630
24295;ASTEN                         ;1PWK;1;660;3.81;755;57465827;514052611
24306;STERKSEL                      ;2PWK ;1;1100;2;156;56250709;513603305
24322;ASTEN                         ;1PWK ;1;660;1.57;826;57533188;514165485
24330;DEURNE                        ;1PWK;1;1100;8;877;58058617;514510208
24358;ASTEN                         ;1PWK;1;660;1.5;835;57466578;514090872
24389;SOMEREN-EIND                  ;1PWK ;1;1100;1.71;1006;57328535;513559314
24449;ASTEN                         ;1PWK;1;660;3.25;726;57495412;514164805
24461;ASTEN                         ;1PWK;1;660;1.79;738;57448518;514119630
24528;MIERLO                        ;1PWK;1;1100;3.33;652;55818308;514320921
24590;AARLE RIXTEL                  ;1PWK ;1;1100;2.39;77;56397413;515102050
24705;HEUSDEN GEM ASTEN             ;1PWK;1;660;2;770;57641411;513836848
24822;DEURNE                        ;1PWK;1;1100;1.67;908;57834351;514535282
24882;SOMEREN                       ;1PWK;1;1100;6.71;984;56982105;513645018
25082;ASTEN                         ;1PWK;1;1100;2;819;57522823;514154948
25100;BUDEL-SCHOOT                  ;1PWK;1;660;3.14;552;55653205;512480863
25188;MAARHEEZE                     ;1PWK ;1;240;1;288;56343016;513026712
25195;BUDEL                         ;1PWK;1;1100;2;214;55931066;512600108
25213;MAARHEEZE                     ;1PWK ;1;1100;1.28;498;56295706;513089704
25248;MIERLO                        ;1PWK ;1;1100;1.5;660;56035364;514479174
25262;MIERLO                        ;1PWK;1;1100;1.76;609;56192566;514423267
25341;SOMEREN                       ;1PWK;1;660;1;995;57259175;513765361
25465;ASTEN                         ;1PWK ;1;1100;1.8;782;57474172;514116147
25505;AARLE RIXTEL                  ;1PWK;1;660;2.05;108;56383358;515085415
25543;DEURNE                        ;1PWK ;1;1100;2.52;924;57990697;514471076
25584;LIEROP                        ;1PWK;1;1100;4;1074;56912229;514334743
25586;AARLE RIXTEL                  ;1PWK ;1;770;2.76;79;56465693;515073001
25649;BEEK EN DONK                  ;1PWK;1;1100;1.2;159;55950760;515398539
25678;BUDEL                         ;1PWK;1;1100;2.09;366;55724200;512637710
25704;DEURNE                        ;1PWK ;1;1100;2.12;897;57949050;514620352
25743;BEEK EN DONK                  ;1PWK;1;1100;2.18;63;56293727;515382389
25745;ASTEN                         ;1PWK;1;660;6.27;1022;56996082;513507723
25776;MIERLO                        ;1PWK ;1;660;1.67;649;56219321;514462867
25860;BUDEL                         ;1PWK;1;2500;2.8;175;55879782;512565279
25908;NEDERWEERT                    ;1PWK;1;1100;1.67;676;57503148;513073594
25920;MIERLO                        ;1PWK ;1;1100;3.47;655;56115679;514436443
25969;BUDEL                         ;1PWK;1;1100;1.86;168;55718302;512652154
26046;MIERLO                        ;2PWK ;1;2500;3.17;601;56187409;514433911
26054;BUDEL                         ;1PWK ;1;3000;8;406;55805777;512645048
26064;BUDEL-SCHOOT                  ;1PWK;1;1100;3.29;399;55753389;512555091
26070;ASTEN                         ;1PWK;1;1100;5.07;748;57342358;514015930
26079;BUDEL                         ;2PWK ;1;2500;5;427;55759716;512735695
26190;ASTEN                         ;1PWK;1;660;6.25;682;57495065;514030508
26241;MAARHEEZE                     ;1PWK;1;660;1.5;232;56071576;513090749
26243;SOMEREN-EIND                  ;1PWK;1;660;1;1031;57254231;513314600
26248;STERKSEL                      ;1PWK ;1;1100;2;156;56250709;513603305
26265;OMMEL                         ;1PWK;1;660;1;812;57490296;514211514
26317;DEURNE                        ;1PWK;1;1100;2.99;920;57914968;514552432
26373;VLIERDEN                      ;1PWK;1;1100;1.67;839;57302267;514419445
26401;ASTEN                         ;1PWK;1;1100;3.65;688;57511518;514029158
26414;SOMEREN                       ;1PWK;1;1100;1;1030;57242557;513382360
26515;MAARHEEZE                     ;1PWK;1;1100;1.67;493;56295706;513089704
26558;DEURNE                        ;1PWK;1;660;2.5;854;57808963;514613607
26706;ASTEN                         ;1PWK;1;140;2.4;757;57465827;514052611
26763;AARLE RIXTEL                  ;1PWK;1;1100;2.38;75;56397413;515102050
26836;MAARHEEZE                     ;1PWK ;1;1100;2.1;483;56295706;513089704
26862;ASTEN                         ;1PWK;1;660;1;753;57441046;514033918
27100;SOMEREN                       ;1PWK;1;1100;1.53;1005;57328535;513559314
27124;MIERLO                        ;1PWK;1;660;1.67;641;56219321;514462867
27137;SOMEREN                       ;1PWK;1;1100;3.8;967;56741912;513762062
27158;DEURNE                        ;1PWK ;1;1100;3.29;858;57892516;514562563
27189;STERKSEL                      ;1PWK ;1;3000;6.24;157;56381569;513544292
27327;MAARHEEZE                     ;1PWK;2;1100;5;252;56142333;513106798
27365;SOMEREN                       ;1PWK;1;1100;1.17;996;57101417;513729509
27465;SOMEREN                       ;1PWK;1;1100;2.5;1025;57355428;513272337
27561;DEURNE                        ;1PWK;1;240;1;927;58063532;514529655
27613;BUDEL                         ;1PWK ;1;660;2.07;299;55738253;512736037
27692;SOMEREN                       ;1PWK;1;1100;2;949;57325514;513624630
27700;SOMEREN-HEIDE                 ;1PWK;1;1100;2.67;1017;56959347;513497087
27932;MARIAHOUT                     ;2PWK ;1;770;1.86;88;55694466;515416748
27934;LIESHOUT                      ;2PWK ;2;770;4.26;9;55944813;515196371
27958;LIESSEL                       ;1PWK;1;1100;2;886;58259432;514170826
27965;MAARHEEZE                     ;1PWK;1;1100;1.5;502;56295706;513089704
28007;ASTEN                         ;2PWK ;1;1100;3.4;815;57548985;513987983
28022;NEERKANT                      ;1PWK;1;660;1.75;883;58689571;513700936
28043;BEEK EN DONK                  ;1PWK;1;660;2.13;140;56288712;515418378
28061;MIERLO                        ;1PWK ;1;1100;2.36;672;56151711;514456558
28082;MAARHEEZE                     ;1PWK;1;240;3.33;254;56129835;513099493
28125;GASTEL                        ;1PWK;1;660;1.33;198;55555624;512849711
28198;HEUSDEN GEM ASTEN             ;1PWK;1;660;1;791;58113887;513709879
28289;BUDEL                         ;1PWK;1;660;1;517;55704940;512743410
28315;SOERENDONK                    ;1PWK;1;770;4.18;574;55787777;512991192
28367;MILHEEZE                      ;1PWK;1;1100;2.93;166;57701391;515021953
28495;MAARHEEZE                     ;1PWK;1;660;1;291;56371939;513033628
28516;MAARHEEZE                     ;1PWK;1;1100;3.57;503;56295706;513089704
28517;ASTEN                         ;1PWK;1;1100;1.61;726;57495412;514164805
28546;AARLE RIXTEL                  ;2PWK ;1;2500;2.45;112;56351319;515119245
28702;ASTEN                         ;1PWK;1;660;1;735;58393872;513892888
28784;MAARHEEZE                     ;1PWK;1;240;1;473;56295706;513089704
28819;BUDEL                         ;1PWK ;1;660;1.66;350;55733169;512720364
28825;BUDEL                         ;1PWK;1;660;3.05;379;56228787;512998093
28899;MAARHEEZE                     ;1PWK ;2;2500;10.07;285;56343016;513026712
28985;DEURNE                        ;1PWK;1;1100;2.96;848;57931314;514896984
28987;BEEK EN DONK                  ;1PWK ;1;1100;3.12;142;56288712;515418378
29032;MAARHEEZE                     ;1PWK ;1;3000;3.56;481;56295706;513089704
29035;GASTEL                        ;1PWK;1;660;1.69;455;55589828;512880954
29087;SOMEREN                       ;1PWK;1;1100;2;980;57284658;513664885
29175;SOMEREN                       ;1PWK;1;660;2;1041;56930882;513289704
29204;ASTEN                         ;1PWK;1;660;2.36;706;57543850;514149380
29246;ASTEN                         ;1PWK;1;1100;1.55;817;57505526;514161368
29250;GASTEL                        ;1PWK ;1;1100;1.61;197;55545341;512845249
29266;BUDEL                         ;1PWK;1;660;1.71;434;55820280;512849789
29342;SOMEREN                       ;1PWK;1;1100;1;1044;56777825;513586629
29398;DEURNE                        ;1PWK ;1;5000;2.5;840;57711717;514748873
29399;DEURNE                        ;1PWK ;1;2500;4.5;840;57711717;514748873
29509;BUDEL                         ;1PWK ;1;240;1.29;380;55778881;512725257
29598;BAKEL                         ;1PWK ;1;1100;1.5;118;57165456;515061407
29626;SOMEREN-HEIDE                 ;1PWK ;1;240;1;968;56741912;513762062
29647;SOMEREN                       ;1PWK;1;660;1;1027;57257785;513293978
29730;BUDEL                         ;1PWK;1;240;2;322;55749270;512744895
29744;HEUSDEN GEM ASTEN             ;1PWK;1;1100;1;777;57706586;513780845
29839;ASTEN                         ;2PWK ;2;5000;8.79;829;57460877;514151669
29885;ASTEN                         ;1PWK;1;240;2.57;683;57495065;514030508
29892;DEURNE                        ;1PWK;1;660;1.5;866;57717831;514645180
29893;ASTEN                         ;1PWK ;1;1100;2.75;785;57467250;514072739
29895;BUDEL                         ;1PWK ;3;240;2.89;296;55986554;512619815
29911;BEEK EN DONK                  ;1PWK;1;660;1.98;138;56356760;515291965
29921;BUDEL                         ;1PWK;1;660;3.5;534;55919530;512781833
29931;BEEK EN DONK                  ;1PWK;1;660;1;130;56486930;515526056
29943;BEEK EN DONK                  ;1PWK;1;660;1.17;5;56000237;515507067
29973;BEEK EN DONK                  ;1PWK ;1;660;2.23;143;56426474;515233781
29975;HEUSDEN GEM ASTEN             ;1PWK;1;1100;2;789;57585176;513748475
30026;MAARHEEZE                     ;1PWK;1;770;2.82;480;56295706;513089704
30075;DEURNE                        ;1PWK;1;770;2.82;910;57955690;514636042
30089;ASTEN                         ;1PWK;1;1100;3;836;57466578;514090872
30149;ASTEN                         ;1PWK ;1;1000;6;794;57518867;514010303
30152;BUDEL                         ;1PWK;1;1100;1.78;569;55720047;512678660
30157;SOMEREN                       ;1PWK;1;660;3;935;57570021;513329673
30160;MARIAHOUT                     ;1PWK;1;660;1;21;56080575;515521705
30164;SOMEREN                       ;1PWK;1;770;1.2;1050;57109518;513440815
30165;SOMEREN                       ;1PWK;1;770;1.5;988;57070533;513678728
30186;MARIAHOUT                     ;1PWK;1;660;1.33;24;56098559;515528654
30190;BEEK EN DONK                  ;1PWK;1;1100;1.8;131;56080575;515521705
30199;BEEK EN DONK                  ;1PWK;1;660;1.25;49;56401998;515287502
30218;BEEK EN DONK                  ;1PWK;1;1100;2.33;132;56089520;515487794
30229;BUDEL                         ;1PWK;1;660;3.08;538;55961487;512717709
30238;BUDEL DORPLEIN                ;1PWK;1;660;1;555;55683514;512375928
30242;ASTEN                         ;1PWK ;1;1100;0.86;703;57576572;514143898
30243;BEEK EN DONK                  ;1PWK;1;1100;1;133;56098466;515453884
30351;MARIAHOUT                     ;1PWK;1;660;1.4;23;56116543;515535603
30352;MARIAHOUT                     ;1PWK;1;660;1.6;22;56125536;515539078
30365;ASTEN                         ;1PWK;1;1100;4.92;758;57455329;514036348
30370;BUDEL                         ;1PWK;1;660;2.6;546;55767756;512660788
30375;MIERLO                        ;1PWK;1;1100;1.88;595;56141605;514437787
30382;SOMEREN                       ;1PWK;1;1000;3;974;56937127;513813137
30383;ASTEN                         ;1PWK ;1;1100;2.64;830;57460877;514151669
30411;MIERLO                        ;1PWK;1;1100;3;642;56231549;514466646
30440;DEURNE                        ;1PWK;1;1100;3.39;893;57952586;514535292
30528;GASTEL                        ;1PWK;1;660;3.91;461;55591543;512882562
30657;LIEROP                        ;1PWK ;1;1100;1.75;1063;56820742;514213042
30710;BUDEL                         ;1PWK;1;1100;1.73;295;55986554;512619815
30730;MAARHEEZE                     ;1PWK;1;1100;1.47;475;56295706;513089704
30758;BEEK EN DONK                  ;1PWK;1;660;1;144;56444333;515212320
30809;SOERENDONK                    ;1PWK;1;1100;1.6;269;55824765;513056094
30812;SOMEREN                       ;1PWK;1;1100;4;1054;56971524;513575337
30814;MIERLO                        ;1PWK ;1;3000;3.46;646;56219321;514462867
30815;MIERLO                        ;1PWK ;1;660;1;647;56219321;514462867
30824;SOMEREN                       ;1PWK ;1;660;2.5;1037;57057246;513551570
30825;ASTEN                         ;1PWK ;1;1000;2;681;57468814;514022324
30863;DEURNE                        ;1PWK;1;240;2.4;857;57864377;514567173
30872;STERKSEL                      ;1PWK;1;1100;3.87;32;56149921;513503726
30875;BUDEL                         ;1PWK ;1;1100;3.18;174;55879782;512565279
30934;BEEK EN DONK                  ;1PWK;1;1100;1;59;56252831;515288398
30968;BUDEL                         ;1PWK ;1;770;3.72;329;55988564;512621843
30969;BUDEL                         ;1PWK;1;660;1.6;545;55767756;512660788
31020;MAARHEEZE                     ;1PWK ;2;1100;2.14;292;56343016;513026712
31023;BUDEL                         ;1PWK;1;1100;2;336;55996869;512593523
31025;VLIERDEN                      ;1PWK;1;1100;1.5;891;57587059;514403615
31027;MARIAHOUT                     ;1PWK;1;1100;1;20;55686932;515298059
31047;BEEK EN DONK                  ;1PWK;1;240;1;147;56444333;515212320
31051;BEEK EN DONK                  ;1PWK;1;1100;2;53;56192547;515539852
31136;ASTEN                         ;1PWK;1;660;1;709;57496736;514138520
31151;SOMEREN                       ;1PWK ;1;1100;2.2;936;56981097;513513422
31152;SOMEREN                       ;1PWK ;1;1100;1.75;1019;57212037;513571520
31156;ASTEN                         ;2PWK ;2;1000;3.5;681;57468814;514022324
31183;SOMEREN                       ;1PWK;1;1100;1;1049;56905711;513561298
31188;MIERLO                        ;1PWK ;1;5000;6;632;56192428;514387856
31189;BEEK EN DONK                  ;1PWK;1;1100;2;44;56118885;515416139
31267;MAARHEEZE                     ;1PWK ;1;660;0.56;250;56151535;513098100
31279;BUDEL                         ;1PWK ;5;240;3.86;348;55732956;512718142
31323;SOMEREN                       ;1PWK;1;1100;5.26;1003;57349237;513583326
31441;SOMEREN                       ;1PWK ;1;1100;3;940;57186528;513785497
31461;BUDEL                         ;1PWK;1;1100;7;404;56055311;512913404
31469;MIERLO                        ;1PWK;1;660;1.5;652;55818308;514320921
31483;LIEROP                        ;1PWK ;1;660;2.5;1071;56787256;513982623
31485;AARLE RIXTEL                  ;1PWK ;1;1100;2.25;61;56266558;515000507
31507;LIEROP                        ;1PWK;1;1100;2;959;56664694;514553342
31517;DEURNE                        ;1PWK;1;1100;3.13;928;57836361;514559922
31548;BUDEL-SCHOOT                  ;1PWK;1;660;2.67;585;55670574;512552106
31588;HEUSDEN GEM ASTEN             ;1PWK;1;1100;4.4;697;57679378;513811429
31608;MIERLO                        ;1PWK;1;660;1.75;661;56261775;514266324
31658;MAARHEEZE                     ;3PWK ;1;1100;13.7;261;56109320;513091667
31661;MAARHEEZE                     ;3PWK ;1;5000;11.08;261;56109320;513091667
31663;MAARHEEZE                     ;3PWK ;1;2500;11.56;261;56109320;513091667
31679;BUDEL                         ;1PWK;1;1100;3.65;396;55785105;512663131
31750;DEURNE                        ;2PWK ;1;2500;2;851;58043176;514567594
31801;HEUSDEN GEM ASTEN             ;1PWK ;1;1100;3.13;798;57723653;513768440
31833;DEURNE                        ;1PWK ;2;1100;4;869;57704031;514468024
31898;BUDEL                         ;1PWK;1;240;1;354;55732956;512718142
31900;ASTEN                         ;1PWK ;2;2500;10.19;741;57448518;514119630
31904;ASTEN                         ;1PWK ;1;1100;3.13;742;57448518;514119630
31905;BEEK EN DONK                  ;1PWK;1;660;2.98;72;56343453;515290595
31913;BUDEL DORPLEIN                ;1PWK;1;1100;4.73;441;55879595;512366837
31961;ASTEN                         ;1PWK ;2;2500;10.19;752;57451727;514039973
32079;HEUSDEN GEM ASTEN             ;2PWK ;1;1100;3.13;713;57456148;513852999
32096;HEUSDEN GEM ASTEN             ;1PWK ;1;1100;3.13;696;57679378;513811429
32102;BUDEL                         ;1PWK;1;1100;2;383;55915764;512707134
32109;SOMEREN                       ;2PWK ;1;1100;3.13;1004;57328535;513559314
32127;MIERLO                        ;1PWK;1;240;2;669;56148214;514471962
32168;SOMEREN                       ;1PWK;1;1000;3.05;941;57242980;513743425
32245;DEURNE                        ;4PWK ;2;1100;6.25;861;57915494;514683088
32261;DEURNE                        ;1PWK;1;660;2.84;849;58139685;514563793
32285;BUDEL-SCHOOT                  ;1PWK;1;1100;1.87;581;55669129;512548166
32300;MIERLO                        ;1PWK;1;1100;3.12;622;56260424;514500538
32370;DEURNE                        ;1PWK;1;660;2.84;862;58115323;514586764
32386;DEURNE                        ;1PWK;1;1100;3.13;842;58658644;514501963
32538;STERKSEL                      ;1PWK ;1;1100;4.07;34;56289036;513435817
32559;BUDEL-SCHOOT                  ;1PWK;1;770;2;539;55587005;512587766
32560;STERKSEL                      ;1PWK;1;1100;3;30;56125304;513503514
32562;MIERLO                        ;1PWK;1;1100;3.13;591;56020636;514436458
32568;SOERENDONK                    ;1PWK;1;660;3.62;375;55795695;513037677
32601;BUDEL                         ;1PWK;1;660;2;408;55805777;512645048
32606;BUDEL                         ;1PWK;1;1100;3.13;316;55882606;512658814
32681;HELENAVEEN                    ;1PWK ;1;5000;5.63;899;59217110;513938866
32694;SOMEREN-EIND                  ;1PWK;1;1100;3.13;1082;57377881;513618806
32702;BUDEL                         ;1PWK ;1;240;1.67;347;55732956;512718142
32711;LIESSEL                       ;1PWK ;1;770;2.82;885;58044995;514075058
32735;MIERLO                        ;1PWK;1;1100;2.78;613;56175150;514392065
32746;BEEK EN DONK                  ;1PWK;1;660;4.02;98;56347986;515441056
32774;MAARHEEZE                     ;1PWK;1;660;3;474;56295706;513089704
32776;BAKEL                         ;1PWK ;1;770;2.82;119;57408083;515018470
32778;BUDEL                         ;1PWK;1;1100;11.47;332;55994627;512627298
32809;MAARHEEZE                     ;1PWK ;1;1100;1.67;253;56129835;513099493
32813;MAARHEEZE                     ;1PWK;1;660;1;238;56369116;513109555
32823;MAARHEEZE                     ;1PWK;1;660;1;256;56109320;513091667
32864;ASTEN                         ;1PWK;1;660;2.84;836;57466578;514090872
32876;MIERLO                        ;1PWK;1;660;2.84;662;56261214;514486138
32889;BUDEL                         ;1PWK;1;1100;5;378;56195699;512958130
32895;SOMEREN                       ;1PWK ;1;660;2.84;989;57070533;513678728
32946;MIERLO                        ;1PWK;1;1100;3.13;654;55891384;514343973
32949;BEEK EN DONK                  ;1PWK;1;1100;3.13;45;56130359;515412305
32950;AARLE RIXTEL                  ;1PWK;1;1100;3.13;81;56489943;515168143
32952;BEEK EN DONK                  ;1PWK ;1;660;2;141;56288712;515418378
32973;ASTEN                         ;1PWK;1;240;2.4;768;57448400;514090850
32985;AARLE RIXTEL                  ;1PWK;1;2500;5.1;114;56691043;515118330
33002;HEUSDEN GEM ASTEN             ;1PWK;1;1100;3.13;712;57458402;513941329
33003;BEEK EN DONK                  ;1PWK;1;660;2.84;46;56141832;515408470
33024;SOERENDONK                    ;1PWK ;1;1100;7.28;210;55739681;512963242
33070;LIESSEL                       ;1PWK;1;1100;3.13;901;58055500;514093839
33071;DEURNE                        ;1PWK;1;660;2.84;865;57723478;514645096
33104;SOMEREN                       ;1PWK ;1;1100;3.13;1034;56938079;513360937
33162;ASTEN                         ;1PWK;1;240;2.4;724;57451727;514039973
33203;STERKSEL                      ;1PWK;1;1100;3.13;36;56318164;513380138
33206;MIERLO                        ;1PWK;1;1100;3.13;663;56262292;514484820
33211;BUDEL                         ;1PWK;1;1100;3.13;171;55719679;512659585
33226;AARLE RIXTEL                  ;2PWK ;1;1100;3.13;0;56797126;515046826
33236;MAARHEEZE                     ;2PWK ;2;1100;6.25;285;56343016;513026712
33306;AARLE RIXTEL                  ;2PWK ;1;1100;3.13;1;56828652;515043974
33318;MARIAHOUT                     ;1PWK ;1;660;2.84;6;55706238;515409371
33346;MAARHEEZE                     ;1PWK ;1;1100;3.13;286;56343016;513026712
33425;BUDEL                         ;1PWK;1;1100;3.13;337;55994910;512595485
33513;DEURNE                        ;1PWK ;1;2500;5.1;846;58100223;514855240
33532;MAARHEEZE                     ;1PWK ;1;660;2.84;283;56132713;513114693
33666;MAARHEEZE                     ;3PWK ;8;1100;30;505;56371939;513033628
33686;MAARHEEZE                     ;1PWK;1;2500;5.1;476;56295706;513089704
33740;BEEK EN DONK                  ;1PWK;1;1100;3.13;148;56444333;515212320
33781;LIEROP                        ;1PWK ;1;1100;3.13;1075;56912229;514334743
33827;ASTEN                         ;1PWK;1;3000;5.15;718;57271082;513963966
33839;LIESHOUT                      ;1PWK ;1;660;2.84;26;55980011;515324939
33840;LIEROP                        ;1PWK ;1;1100;3.13;962;56865876;514293245
33849;SOERENDONK                    ;1PWK ;1;1100;3.13;181;55904761;513079949
33904;SOMEREN-EIND                  ;1PWK;1;1100;3.13;1069;57535462;513442214
33926;ASTEN                         ;1PWK;1;660;2.84;756;57465827;514052611
33947;MIERLO                        ;1PWK;1;240;2.4;602;56187409;514433911
33951;DEURNE                        ;1PWK ;1;1100;3.13;903;58011372;514500728
33953;BEEK EN DONK                  ;1PWK;1;660;2.84;100;56334409;515445511
33954;ASTEN                         ;1PWK ;1;1100;3.13;704;57576572;514143898
33976;MIERLO                        ;1PWK ;1;2500;5.1;648;56237664;514468536
33985;ASTEN                         ;1PWK;1;660;2.84;759;57429462;514072864
33991;DE RIPS                       ;1PWK;1;1100;3.13;154;58151735;515518485
33996;SOMEREN                       ;1PWK;1;1100;3.13;991;57352532;513642479
34050;ASTEN                         ;1PWK ;1;2500;5.1;746;57425197;514099993
34111;GRIENDTSVEEN                  ;1PWK ;1;1100;3.13;587;58810117;514416739
34121;BUDEL                         ;1PWK;1;1100;3.13;541;55610528;512671069
34197;BEEK EN DONK                  ;1PWK;1;660;2.83;134;56107412;515419974
34199;MIERLO                        ;1PWK;1;1100;3.12;639;56219321;514462867
34219;BUDEL                         ;1PWK ;1;240;2.4;463;55706327;512635174
34288;MAARHEEZE                     ;1PWK;1;1100;3.12;509;56540074;513169402
34306;SOMEREN-EIND                  ;1PWK;1;1100;3.12;1097;57383867;513535751
34331;AARLE RIXTEL                  ;1PWK ;1;660;2.83;164;56382893;515098674
34343;DEURNE                        ;1PWK;1;1100;3.12;894;57952586;514535292
34366;ASTEN                         ;1PWK;1;240;2.4;719;57469361;514048677
34374;LIEROP                        ;1PWK ;1;1100;3.12;958;56531278;514371488
34389;BEEK EN DONK                  ;1PWK;1;2500;5.09;86;56319581;515391862
34424;SOMEREN                       ;1PWK;1;660;2.83;946;57320803;513631968
34458;MAARHEEZE                     ;1PWK ;1;660;2.83;231;56071576;513090749
34486;SOMEREN                       ;1PWK;1;1100;3.12;977;57267158;513674299
34504;ASTEN                         ;1PWK ;1;1100;3.12;837;57733174;514020299
34544;HEUSDEN GEM ASTEN             ;1PWK;1;1100;3.12;733;57770757;513351569
34582;MAARHEEZE                     ;1PWK;1;660;2.83;240;56409620;513143417
34593;MIERLO                        ;1PWK;1;240;2.4;664;56148214;514471962
34611;DEURNE                        ;1PWK;1;660;2.83;915;57781957;514658502
34612;SOMEREN                       ;1PWK;1;1100;3.12;1036;57225887;513602379
34646;MIERLO                        ;2PWK ;1;5000;5.63;616;56251486;514410034
34650;MIERLO                        ;2PWK ;2;1100;5.62;616;56251486;514410034
34669;SOMEREN-HEIDE                 ;1PWK;1;660;2.83;1039;57071407;513563179
34672;MAARHEEZE                     ;1PWK ;1;770;2.82;291;56371939;513033628
34679;BUDEL                         ;1PWK ;1;1100;3.12;307;55740017;512723100
34684;HELENAVEEN                    ;1PWK ;1;5000;5.63;932;58912399;513792286
34739;BUDEL                         ;1PWK;1;660;2.83;355;55732956;512718142
34762;MAARHEEZE                     ;2PWK ;1;5000;5.63;513;56362451;513199244
34814;SOMEREN                       ;1PWK ;1;1100;3.12;1046;56777825;513586629
34825;BEEK EN DONK                  ;1PWK;1;1100;3.12;47;56153306;515404636
34841;BUDEL-SCHOOT                  ;1PWK;1;660;2.83;402;55567747;512440305
34878;SOERENDONK                    ;1PWK ;1;2500;5.09;210;55739681;512963242
34909;SOMEREN                       ;1PWK;1;240;2.4;1072;56726521;513195250
34910;BUDEL                         ;1PWK ;1;1100;3.12;425;55756295;512738298